0.6051468201265383
0.8112422676294374
0.12473523744898418
0.8289875989563159
0.7412697709479453
0.4533785735649627
0.05622441855813043
0.691762847052197
0.42499789865606385
0.14553077713972806
0.9729105472246852
0.4791022114204796
0.011541084295664361
0.8818769417851271
0.7763367218377009
0.1963517130414486
0.5972193284100191
0.5313510382123405
0.4875260854333745
0.4827659256068657
0.6705948199062143
0.2389221686270857
0.7955376087278045
0.6984463431098092
0.9530193131465385
0.4437209699117983
0.7402381973380584
0.4189224301139991
0.49203320229863834
0.18188780917344705
0.9038508867638376
0.23387929105883565
0.10975296829303993
0.9734512173079314
0.23231968539049797
0.6078319411804728
0.44734087796239985
0.8027008231216936
0.011460382134917735
0.16515149911707416
0.8684071868399125
0.1558306404819606
0.5016036246630539
0.08628105268730535
0.51926159389445
0.3682007884403513
0.34779250532610206
0.34022826634948944
0.5169956677272685
0.13216953609113435
0.2395766893740161
0.8134367216280268
0.6077844272645451
0.36472811218426515
0.24422339276379423
0.6821306425583918
0.5470779958782306
0.9510127308175162
0.652974464741421
0.45798129146594957
0.2002608797162171
0.7268583994529851
0.704846827909408
0.49416794680990084
0.7575847153230535
0.5605053630306217
0.2878536541955543
0.8293756133810503
0.48035405843763546
0.8881231669396575
0.7995340925153528
0.5274156910043979
0.4590203891144965
0.24774929600716977
0.8405649481472767
0.6130949374737392
0.8184751000250726
0.5355914434885304
0.6724932182485392
0.7851938032482367
0.718450973976443
0.7871451873173716
0.35671663686116284
0.37707856439465526
0.277033505562996
0.0905493992270292
0.7692067249581618
0.19347516076975868
0.7606114188211343
0.3324104153492622
0.4253706823339404
0.14307951363984506
0.7311279443001704
0.95695689529772
0.37356390657928806
0.1972782286618896
0.8139224748532661
0.5645824643418278
0.5401287617220353
0.8481676095050155
0.6142814126246199
0.07554792945217992
0.08436173936835545
0.28737296200922313
0.2950587158903387
0.9416963588004306
0.2007069363284214
0.709398612942659
0.39946896988708547
0.14218300552169671
0.8946125670301724
0.002992019841091209
0.13225637886383335
0.10743098700603537
0.3953966170310451
0.8121875249920502
0.16304392540696655
0.06020847549403319
0.17150131886949616
0.9587602834679523
0.6446299495524774
0.839129732009948
0.45464092400925626
0.40947058834821337
0.5681271989285149
0.8999687969923651
0.2025294167457956
0.8585308355958444
0.7920756683240926
0.7357367927953543
0.26278744241850194
0.3198656857395997
0.4224913859110224
0.12352172396937011
0.3967139868877382
0.05460037060386613
0.9237473928137901
0.5650511084485065
0.15040385322884398
0.5306958144969114
0.13287849675322738
0.8940862190071561
0.6217715478684991
0.01666138252004401
0.05239916597486094
0.004703768861415658
0.49164818687241607
0.9139429517774744
0.8640436202548785
0.16934703485183888
0.16974607825358545
0.23751370018213502
0.7320533708818836
0.5325458016173881
0.1498811588720268
0.3148590405262931
0.02965602972850445
0.1038575351851736
0.2952739077304717
0.16317397043762694
0.46396130183775475
0.7817824303265413
0.975036090210474
0.772397033537058
0.9804258781078633
0.8768161898933691
0.4605167716966311
0.43578955818576925
0.6897468144500876
0.2756212671925158
0.9012711121193372
0.4063339740741163
0.6709191259801414
0.3891609799804522
0.9178484616496224
0.01451615182409216
0.7626156985621647
0.5149756493315092
0.9451705375630046
0.013235453446339474
0.9212765058173439
0.8588585465290143
0.7307744404873019
0.25993118530997883
0.7627954200386104
0.6975449777625625
0.13013118038667193
0.36158020787185163
0.2536873297119385
0.8003485463220801
0.33362621977716367
0.51946458500249
0.9427267564767441
0.8856464132978831
0.07497285921358687
0.9247148208107204
0.3655774714688116
0.3518913979053411
0.952298390831776
0.8162027139842418
0.6709908859348088
0.8081435283351495
0.21843823738947832
0.3461119090593979
0.5598769855789527
0.5951906591878146
0.6330767609618968
0.1547782852435854
0.6890750609214361
0.8418526317084932
0.9718360835667691
0.32779394958911734
0.7028018069891627
0.5383522577226151
0.5445710332609365
0.1669314522935803
0.6374554940461175
0.8486377577656877
0.523559372977529
0.1555720118619277
0.4910620415330874
0.6026753008683267
0.15767019522342418
0.26177312955824295
0.4480511828082685
0.8264862026196115
0.6581881943055214
0.00853718380852908
0.35818933877213643
0.6612398013833438
0.7754099141074744
0.6143761925097039
0.38099445064665616
0.025550078381849972
0.11448295448875279
0.24013531185514203
0.7843476428936966
0.9446397415309831
0.2832770999641556
0.5465835652950269
0.3764842875885769
0.18542116872600922
0.6257314371674509
0.783549046388675
0.871585547974033
0.7939781099918867
0.9022026251945503
0.48032046731191536
0.7128966322676659
0.4313690294257425
0.8916847573310824
0.6702036387481031
0.7297653551867269
0.38654508720339364
0.9549758685189494
0.09006106499936428
0.9799893477449307
0.12319710787433191
0.3387302913691971
0.7714075964818405
0.519221885173124
0.31475190684351606
0.7828365242814235
0.4733023627850391
0.5053371616379602
0.6053601434117284
0.6512580201170148
0.8944778457364639
0.465734984605111
0.9707461373645122
0.0006378541302485274
0.8177003365546
0.35156021526841774
0.5498125956200706
0.4817183705696514
0.5668453558083644
0.1981492815691165
0.8397182066139628
0.11469226003761757
0.661837208570736
0.45545375583136394
0.7404368429867798
0.2855462295241801
0.7267261151502429
0.7526499592972588
0.8276181212022578
0.7528034857134092
0.9503140303343255
0.6497321126073169
0.592237844240712
0.5739548660086948
0.29739518314128277
0.855799292735061
0.26135964895595776
0.18148907885546584
0.6767213506711929
0.6559071058823069
0.18528411638312503
0.8332981082731394
0.7935383229728259
0.8673864064816729
0.948954556590801
0.6016781900418189
0.5263645210758909
0.013473554214741834
0.8560930981090129
0.9785562177358561
0.42181662832143063
0.2153196621450787
0.7397401795183159
0.7099785617325388
0.544704014147296
0.047306678367908694
0.15610391282611547
0.15785776422246778
0.3879743018588586
0.46547913583194844
0.4612292593060936
0.2683919387035387
0.6361459412052857
0.7193235670804953
0.9794068501516541
0.4650212808178288
0.5701212583232688
0.6816409881608544
0.5305426738334917
0.6043622042783461
0.7819898592696097
0.28810782547953395
0.9454829011578723
0.42475397690749184
0.0286696591925808
0.7025239873967266
0.2165600633824033
0.6224974538231514
0.2948826816480766
0.7279641453673397
0.5309179378885787
0.7385795171392127
0.37710623354178996
0.48014483748041836
0.7349606429626303
0.6945400822273317
0.9713917331968024
0.37930338224751836
0.2865074673164837
0.45698452143204016
0.2480168549794196
0.3574481841204258
0.41235301352004206
0.22023446118222734
0.9618338957624849
0.7471426650332612
0.13710113012710623
0.27414232610562617
0.25323924831071665
0.40693718841121673
0.8569875758229338
0.1553821021205667
0.32918689255359146
0.8257148228833843
0.9197680431165974
0.17409602838709526
0.3864066416201075
0.21365952387209397
0.10725858712999381
0.15608434317319408
0.3684256466546999
0.6621677460787954
0.6437612715084411
0.7234704772879391
0.5711834995364755
0.6244504892710683
0.959619051817662
0.4356128293527213
0.39866179384426503
0.06856720723852083
0.3909269730463073
0.28299671645390223
0.8726220411775211
0.15487852444144468
0.741405121361844
0.8168698761270285
0.3650258501140424
0.4751362814363439
0.17069484012594627
0.4026842923428625
0.5525867035924299
0.5622465740593579
0.8788900136560537
0.6544305155379094
0.6039740134902434
0.644971446971328
0.829696715036161
0.2918012937338581
0.8108238196302707
0.32925651896961794
0.020676627812940884
0.791129818871718
0.38302177823945716
0.2927245705482777
0.6418932815728724
0.6028944463428769
0.329725880300731
0.6314852914572132
0.16786881989094815
0.736884412963642
0.21628961852182627
0.7299899903250809
0.6158871133858965
0.8449664722028593
0.9554945225379627
0.9421801395075774
0.015960594093090474
0.6172862035299432
0.5078148597810153
0.6920856341730528
0.864341818950449
0.429131160064502
0.315579600929878
0.2725077229170736
0.54070382577221
0.1662245511034689
0.24417479142704213
0.06193985961817927
0.35538294977453067
0.4584706412774381
0.20982316238864507
0.22191480385833717
0.4820385276167759
0.9430135609144544
0.41849048011757295
0.27237138303219843
0.4592081103093515
0.7674476444589277
0.11030554088690059
0.6218022163160148
0.44039343374084905
0.40190510789232237
0.43861608966892673
0.4358833411691009
0.20466719069011508
0.20172931236846048
0.08687420734037032
0.403819459279702
0.2606419627650919
0.4320478912006893
0.8561365536119674
0.6598871670333822
0.8171043250150074
0.3967242175134946
0.9066550001731594
0.42395670688513853
0.022746850291822773
0.8999948994408455
0.9409805177771104
0.7149982534653897
0.8585346446835324
0.8560457999249556
0.458187886247595
0.4428547791991928
0.2383514347964848
0.7565056505897795
0.4972323903562127
0.6881354176157014
0.7211300965306319
0.4705150143236777
0.8659152049969189
0.11838707842929985
0.3698312933421791
0.6876158777989115
0.05588585758081721
0.22978502357763675
0.7566599337969077
0.6351121960870824
0.9591273385794911
0.09155424955521407
0.00491621170673473
0.9891450107269834
0.46510268609481475
0.44944240162424265
0.5427844493833061
0.7249422040133003
0.7713267980054332
0.7764539120671226
0.4446829342908505
0.8757847188951582
0.10354957355161531
0.5701864699636091
0.12542306988652796
0.6632471565989457
0.5629462187607769
0.6630443414385917
0.9056431389585683
0.8890891908134332
0.7276563326832401
0.42126315340050213
0.49858146370244727
0.9641515037177416
0.8714136926026644
0.9653598039872031
0.527887763598849
0.026914010569028646
0.7225437051779916
0.93640133438061
0.9300665544435662
0.2485729253370933
0.10063252546352652
0.04786331350400652
0.24656238395519514
0.2184294900316469
0.3937334214300313
0.861453297770805
0.7560156943177477
0.9830483204856814
0.07832035694667017
0.7524738510858348
0.6398129300108352
0.48809468061107497
0.9885671106826064
0.08840798985535603
0.2468670557349385
0.9278703077736371
0.926791130572564
0.6277962366507611
0.5166151732809432
0.1295527526148592
0.10155944625200097
0.7798395916333978
0.8292798419357992
0.8646567909646169
0.7235501720614904
0.4342764373240894
0.6095586482409373
0.9744035024017974
0.3097218258956922
0.51588302149195
0.6135811138229208
0.21812038927679345
0.10071427878678563
0.8246121599356385
0.5517859700221582
0.8133767866572054
0.490238784939247
0.6274386949687472
0.55559622272843
0.3803820317179476
0.4415638948891535
0.840372596192865
0.6140056199227891
0.6509962698816295
0.30223726716268795
0.48790753467046954
0.10501173148641951
0.21128979242894474
0.15079747332613902
0.7920074931648364
0.9657763306475186
0.788752904704405
0.33711045272024664
0.8278090866361053
0.3871858100897172
0.7381910780905178
0.3709048669942988
0.18189961522805098
0.3948761239799685
0.09952289819234594
0.638019515592686
0.6822923786130995
0.18949745615061564
0.1483547675442609
0.9294049117622725
0.515048997906777
0.5346386561831628
0.631326503214939
0.7610232202061413
0.2334924087430964
0.30929674938379725
0.7247866537818465
0.3101519744260631
0.16648609898146127
0.9265469583183583
0.10125956379355716
0.08392324765443226
0.977073053842972
0.8245100252577786
0.315699124618931
0.5133915905273637
0.7123834094841633
0.5608655632648497
0.03518684735916744
0.048627649370529547
0.40737411568126825
0.32885573048754024
0.8091322788891613
0.6774595584165332
0.08932499038923747
0.9452530365753387
0.6305948711672189
0.24215436394819068
0.6714253647765177
0.1490723042732196
0.2164869514749107
0.22038374979309316
0.7087907009787907
0.6248173194666783
0.8034787558547807
0.5566838491104985
0.5722410446400972
0.8739099894717004
0.6706760889912714
0.24875057288965952
0.6334542898575543
0.5231462232344712
0.4254571570894171
0.07447220303693636
0.8537187445473389
0.41550295688478156
0.8047115993311869
0.1559845049809725
0.18368718454330524
0.7186768121334377
0.5746163546371762
0.3805778992361204
0.6106120843565502
0.3614190309559523
0.9375442973084799
0.8429208227656438
0.4980359169721772
0.2864695235634177
0.548397858801565
0.2528817817796184
0.24376765292101532
0.960176019484879
0.6225455416866436
0.7640014683333607
0.20621605664021248
0.8062082563851949
0.8209048446800404
0.33720414068654503
0.2802507200829535
0.7594342344484836
0.42642495212636955
0.010244659498049424
0.958172267645165
0.7366205909733122
0.7222096614578539
0.2591071461272081
0.5084102786276711
0.6469774748107268
0.7307887636109821
0.8964577528484324
0.8134615149789833
0.5634891793101491
0.3409132448543106
0.15874527419664652
0.6767130889899861
0.8768387737324241
0.0009195130908165039
0.6335436985011543
0.2210405272713989
0.8776992851657524
0.7009944800155412
0.35840075902412394
0.2183299132446468
0.05795412138305367
0.3665596399730945
0.5197546732605581
0.2864954696650357
0.4104329042985787
0.5519149946282029
0.18139774816767684
0.09102632397044941
0.2877281907832474
0.8202374886194722
0.07642774998157953
0.678669652122503
0.9394320321644029
0.5234189317539738
0.6531566042786898
0.4440516833542466
0.6672305340370936
0.5693170314952402
0.10463103442941524
0.2445390239915649
0.21496745154831387
0.32763541375715255
0.8585670776168748
0.0784045547371901
0.15537276516664866
0.7738731373308765
0.7326231367032063
0.27626136082421693
0.43159045327842627
0.723753007984566
0.013912896905528216
0.5403274274337256
0.1195775118406468
0.46313802517129576
0.05056771588741815
0.7563456834852205
0.30847029407924564
0.1486659304627025
0.45333137924004685
0.16740005286176562
0.735607104912743
0.449228819635048
0.7716582198973726
0.3554122364621377
0.35871281817767375
0.7488709131251029
0.19694959396404865
0.5911018974020349
0.6718290761772384
0.10828097851930663
0.8887023124601263
0.6323783110681285
0.4888619763677349
0.39371803635427627
0.9860844207349911
0.4302762361952147
0.38897355121194355
0.28433606317413074
0.598925327270005
0.7437082003244017
0.9170153852387294
0.24837277002015035
0.20432297478858608
0.3274126806147266
0.025241187361866202
0.669499876868612
0.859543317663195
0.7970784068653205
0.32230569968856637
0.2582860761269654
0.4233199235098002
0.7386232411901789
0.17300907829516254
0.2705654583487782
0.9571977819150075
0.706077749293178
0.34556620773513724
0.2847299274574937
0.12926621923862258
0.7362747335863241
0.08190611087726063
0.43944179819246765
0.4924551435943302
0.5194639192052584
0.10286961446767151
0.914643477936785
0.30676560472503034
0.1263248123007672
0.6780850829357212
0.9028939490252943
0.6547294552689328
0.546233359652652
0.8672131139973165
0.6929898155059847
0.5999477629874388
0.288161896920476
0.565249723802801
0.7413659861605474
0.55903925134795
0.6054737552291682
0.9433291996543541
0.051914948269367045
0.6621598542397394
0.9184957241771293
0.4468993576227348
0.009031100706620387
0.6833066217355949
0.49623327586350097
0.8531886423123657
0.7094652770840105
0.43784179555057157
0.22178082746430494
0.8924006881768177
0.22893997871086236
0.7432715483685832
0.02823707936932951
0.38066942540113813
0.42235243081703755
0.6276756077834516
0.9844276026341725
0.6248302301708233
0.843335014363824
0.5361911923506589
0.8514592519760437
0.4893642944348461
0.3773034470486406
0.35908072554477055
0.895353553510177
0.8943102771366788
0.9940162039450944
0.9974694759496635
0.20096480478947643
0.05740020277382352
0.6444918488361661
0.9666966700067724
0.3622226750888592
0.537942934395566
0.014480593631352012
0.31304712405288704
0.6186886687998475
0.9580805648078212
0.4351256948213983
0.5929498302018819
0.6769897779478012
0.17718837843777824
0.76887032707279
0.830540833526491
0.989864033324004
0.759684024012506
0.9828005465928729
0.31691825144068875
0.6636244284177145
0.8920129918060891
0.07030982987116863
0.8628849121821419
0.4807472369241549
0.0593848273031784
0.8624120317319871
0.890201214975685
0.292578148024905
0.5759672279204981
0.03661627048822391
0.41862421884247325
0.6703596424799919
0.6782842018589554
0.509919893553442
0.6431510840231653
0.2799276518058488
0.2998489770323721
0.32654519030727724
0.9010468654119007
0.3441454466699445
0.45775716673989597
0.38094752500622786
0.3216195048888092
0.4129657313181666
0.051424833255120705
0.15484574485877944
0.24357823754245522
0.6265587572741189
0.3513622872144516
0.059001183241833566
0.22193672947091914
0.9378560384159286
0.06593579727765475
0.5366044734752434
0.8253060123761553
0.9221896855187364
0.9391690153587307
0.612674892684117
0.4868273039436518
0.5801794052961994
0.5333473249196067
0.7371727874730007
0.46857253307310276
0.4402544244409755
0.7229861263907944
0.28239164572913844
0.6298276625383993
0.8286176682797881
0.3925415222373939
0.24811921849884022
0.4760826522710142
0.08408184106333727
0.9731441899852518
0.6713219874021003
0.7247774809234072
0.34719987431754873
0.7343161513190462
0.5152151753354955
0.38322828997824976
0.6322959170489544
0.6370614039903066
0.24957558931429602
0.27852725216932195
0.18581500410160912
0.614507805659988
0.9416931033045896
0.9125898040373129
0.3747490293051041
0.11881968715543045
0.27180885931230603
0.5458648075116781
0.15409375276444037
0.3927125735031629
0.008938526903758848
0.4186209399073433
0.34270423515734305
0.09695019877756161
0.270034728578601
0.17381936038938361
0.37795064959721625
0.040925774505855106
0.6653900880980411
0.12468239272468162
0.468203035698583
0.6198399106060146
0.08862037257151811
0.9026853980874845
0.09185386273527663
0.713671447775967
0.02113061443805253
0.5493028907525614
0.39478420394151414
0.30725989823077937
0.1915242115126865
0.6588304506323304
0.15769084412533008
0.47677800757140554
0.7841992712970158
0.750328175051546
0.6595334419581503
0.6900038970706701
0.21593078774693308
0.305618000954597
0.778308532433286
0.5319698880863638
0.5205489560295934
0.3292469447385532
0.6478078821199992
0.3933162485493825
0.523556028912392
0.9447382846000053
0.07529491845622749
0.39722577463997466
0.056259156556817014
0.1518193460503956
0.6695497010871133
0.5591897204443181
0.49156504447802785
0.5458214417540235
0.3590519471798459
0.12161121131869324
0.4987159316066525
0.014678804465836248
0.726699156347162
0.8154863933763477
0.756713494145481
0.6631348102168075
0.14864891137766056
0.7921890990909295
0.7879610232265893
0.5369324018633057
0.25179989894506216
0.3516598810092275
0.8724478432665747
0.1252566490581002
0.5517243755114749
0.7394614353484298
0.524906978825189
0.3098635552443687
0.08226662396861062
0.3062528389392368
0.40778285072550957
0.44892954060099144
0.25690022276608815
0.5559282618892232
0.28570929588872374
0.8934902262170594
0.6486607539821181
0.3442960161572298
0.6739377632376388
0.7606316234511995
0.1989626336030137
0.5559596633591446
0.890265481918168
0.5350939925444038
0.08762261563310347
0.3853849006130702
0.11135389690452269
0.41147638589173496
0.2161057230048018
0.5358060996859731
0.0977049098103796
0.9353903819217377
0.0506316955646674
0.0013274033764526516
0.39874371450478563
0.6335289924440429
0.3504748162932275
0.2675744338675713
0.6108481074129959
0.45286442873900745
0.93881595307399
0.48373087449192054
0.6101488454564801
0.4841690601723285
0.6543611677504407
0.10482952811663504
0.9215213881567952
0.4685289291358731
0.37729297314119503
0.6522469771254699
0.5841106276544907
0.4259196927314597
0.504034631131969
0.8861506387191364
0.9272739715549164
0.09660290541284067
0.04479364494457849
0.03547793693025669
0.9407062001402077
0.654320921244213
0.12747085529859725
0.022297628496377397
0.5136734111616555
0.3778697307443666
0.31772620490330683
0.1532522067508486
0.20358549210126775
0.4743228381191116
0.6066475707064047
0.7737280550475998
0.8610042390064616
0.794062331494007
0.7189148191027152
0.9478075722347077
0.1851415613302222
0.8110373055910756
0.9045904682348924
0.6312057767537719
0.9326948200306534
0.043650628792062274
0.3745808342978122
0.7488965767261018
0.34624840577080074
0.6994176424059952
0.4674930096729557
0.5819280124908954
0.2104144662055244
0.5026520183433535
0.4373361017470361
0.9888873370299439
0.2723572522027571
0.7333386528934055
0.03872880154724789
0.3787541376910608
0.6501435256390963
0.156053902591895
0.6223124311391968
0.6540456790928314
0.9353084115072451
0.02248778066585011
0.26173160357231384
0.9640166756191975
0.1689488842153628
0.06254107139982268
0.23761136570856167
0.22318611023975599
0.07184498644948378
0.9945166287185667
0.3490960424439228
0.9929941565865135
0.49211536685602963
0.8603475037447516
0.1650104188518121
0.2602598801479058
0.39335458826164593
0.6079799432302726
0.901624947474778
0.7670682227952399
0.3633902938873459
0.20926860537443004
0.04352108464470472
0.7901373396421214
0.44977594233160045
0.4554178638063414
0.23336880337874444
0.25231734265842964
0.365332556886934
0.39467812149673687
0.49016251793789434
0.031419513840986846
0.8866137788966657
0.24191144342670168
0.09099893073400178
0.0950822622544174
0.8489328987622854
0.28868337374176456
0.49500563806398734
0.19504125112338278
0.5994686543760676
0.519275985779699
0.5198668228518643
0.7977960166979556
0.6118976431675934
0.08263457063461899
0.4214600950200711
0.4013841862555777
0.9393974424924748
0.14728501081709944
0.9320286200501688
0.3264553998295959
0.7822076058785594
0.4947525721577901
0.7155062396539251
0.23990188202035856
0.06905904387774964
0.8780610213109065
0.7532817117981068
0.3292290247143943
0.5117654700418001
0.15485695836386126
0.0717150914966106
0.9774246703179493
0.19484002718838067
0.16123149107427337
0.8485436495926157
0.31753378283577993
0.7815989628194624
0.47794196745073814
0.46428732825174823
0.18362939510867304
0.7434829680782905
0.5142935446657787
0.4854684486355957
0.43844611547846046
0.8237374447128606
0.577473928487662
0.4463138591593755
0.6284427775992371
0.47446917946897116
0.8513252394671647
0.004487782726413259
0.7887059227965701
0.8591153210471283
0.5365930269259531
0.7973524659493132
0.43789157794697264
0.12230101824760597
0.32308234128439817
0.23644439996525313
0.3207119001488826
0.44020241284103
0.9123766381077589
0.6825795589558277
0.06349248820556086
0.4955763921734583
0.41106785821927705
0.15980660251096412
0.9199319982455795
0.2340574070758139
0.7115127998836901
0.5188119936189313
0.7277640262091811
0.3083915551168136
0.472308834364379
