0.4225256611854433
0.13908211977278417
0.6053547106294368
0.7033468992011421
0.5513940349165792
0.2443998886407317
0.5795663057779734
0.28236723834796995
0.7716995464677586
0.2963013932843279
0.33890468018500786
0.36118465916151776
0.034438296345927766
0.6273089805183141
0.3426076244424855
0.6848601859928991
0.8114053531341342
0.6372371127128492
0.26077611248902266
0.9124997195601717
0.12774612873008684
0.5576599362714942
0.7352693109317088
0.6167327917921057
0.7288186620903745
0.6661086678760323
0.7626945324192717
0.7263251617603541
0.16420236692589474
0.9408367453580292
0.5431938058444157
0.6012289915153749
0.40506363242657406
0.6896040846327055
0.5300490190292546
0.7978122759324384
0.9255487788273844
0.6134921882281383
0.1582997490514596
0.11408984131252131
0.17828945380129846
0.3492130802346026
0.2063951954827542
0.974038439848508
0.2453556890140769
0.7798682776710889
0.7422642687713178
0.3582823421864262
0.18963322278574546
0.6344052469030834
0.32550711891298134
0.7838303290336683
0.6449194919133523
0.9728846311178655
0.2775703652749544
0.051543209523180034
0.4061882444565097
0.25153029519313896
0.9708226778046348
0.5856364480989933
0.9264056142073473
0.6774106595713777
0.38145088487690415
0.35207143800745266
0.7074138567244834
0.500167842681897
0.3611166396906139
0.2121972384677525
0.0382766731703712
0.9093590211097212
0.6755881459189155
0.8936019446005004
0.4004102656912607
0.534941059027671
0.7505671377877402
0.2676595320704369
0.07199580513619741
0.8414046785988797
0.5564451233717966
0.4275234632848893
0.1404946480001218
0.4244283147232496
0.5098811383168473
0.945454864879853
0.7596701241200328
0.340330987931063
0.6973438721376898
0.8375215870639614
0.14013410608974697
0.23572041159245993
0.805678698084209
0.28180967167307946
0.8832350938561317
0.9555842744619542
0.4351360350018959
0.7528340773855469
0.5237092351852939
0.7254732490691493
0.7219245318732582
0.3590193547395346
0.4559920864393031
0.6931395936827836
0.5715240725816401
0.37855001798147714
0.586816822885252
0.3771357082805521
0.9877348295791483
0.294122713699544
0.7535096646650495
0.9520547251205413
0.8565480785549292
0.9105719350630753
0.8211304246101373
0.48679962770426966
0.7468325112648048
0.024692804554512948
0.8271238479256534
0.3005880283222039
0.4376157219026532
0.9537386523265922
0.09543093938245939
0.21667201366392952
0.28692877408250206
0.9265109467199779
0.9479736575528175
0.1677831119452201
0.6000505320244082
0.3916626096443542
0.6937385054176158
0.9161761661772047
0.8874686875182556
0.3316994807643
0.9572554355767843
0.8333852721671424
0.2896598444502916
0.7661794969886131
0.6960590212659172
0.7410261911086825
0.2206604774017581
0.5821183019456116
0.9600632418599571
0.8011448403783906
0.05838104783753184
0.858533910870611
0.8438779507043569
0.9836959065350892
0.6318601961373389
0.9421038040894539
0.7780901032783899
0.43135315497162363
0.8848069348104404
0.6623728749465326
0.5340082045746092
0.5372694699903235
0.568733926928119
0.369030228370805
0.8783613621269795
0.560473458540078
0.3746433219952606
0.8051367271650388
0.12112953201229704
0.5220497824949899
0.2837626252616685
0.5519563510961883
0.7714730791507347
0.3568802907340284
0.23740684471866802
0.15149066529401944
0.5061717516471338
0.7970814302613011
0.35661585695043374
0.9528434684807112
0.58713300099026
0.3654278145682871
0.6314495813225769
0.15268880495240267
0.4590831197968739
0.19760245920351538
0.6427050291196073
0.6206487630813511
0.8706579498928767
0.6674372983412248
0.021398603672149408
0.25971944104539035
0.011528053025022467
0.17983016630398785
0.7364484631469871
0.8943387021633769
0.7616705536041412
0.6133788957272992
0.9748318731506819
0.5133682822924157
0.6509522896987378
0.11945893362572657
0.02708201762138973
0.979898200266452
0.4794619546972675
0.07182222649093062
0.7631205588527195
0.5047795100042171
0.2020702461867101
0.25063078242264414
0.3173740496670032
0.5142020729697873
0.5266116526562586
0.8831309490950834
0.1332095099169942
0.35466371319580736
0.5896628169224615
0.4828342278409504
0.8892160928453344
0.06841134827012296
0.4260542268850539
0.009492672144729486
0.8072131505969974
0.5010680464945672
0.08533440385981816
0.7678826316726135
0.05607827553889566
0.6279658430880285
0.746719044593661
0.672357475730498
0.21813948206075995
0.7315220117010021
0.2501100236068454
0.9099321854391107
0.91754433870345
0.7239061596614673
0.9905878866707487
0.18866326645718912
0.48098078066053607
0.6437037194689977
0.48896855905902337
0.050722249548665665
0.02988446617431806
0.1335288562028235
0.8970784681859283
0.1724103304034159
0.23424341421694073
0.07922057671945226
0.18055418188233452
0.0011305033036496104
0.42389201426400325
0.7573992817885494
0.7275100634855649
0.18429115026422438
0.41798723097672097
0.6928815988623016
0.5754155688770337
0.9701068037721862
0.352528369683229
0.7224232776082982
0.5728829721865081
0.9838776717730516
0.7453513136873029
0.19677925674670338
0.23530178197451723
0.5897935102578704
0.5007189995295888
0.7031081895818148
0.1312694417609639
0.5434078799717379
0.4482873448624737
0.7952627209736816
0.825853946838445
0.5910812025354137
0.29440470255771434
0.6919269245399567
0.5251238188177143
0.9859932774903265
0.1443283780559219
0.5208371753134861
0.7878912919583485
0.9547098585649713
0.8979233076821284
0.5623117143252959
0.2634925060432748
0.031146569676689606
0.2615900476626808
0.36569727465435176
0.36453897734358676
0.2738838920045428
0.8730713485994166
0.26855758777094363
0.30678059602004626
0.3170768274607849
0.9522059101714324
0.6547605274311635
0.22139378377482588
0.36786661645015506
0.7902145140547019
0.615739412124022
0.589368503372421
0.32549048865140917
0.32895525716102947
0.38869773876540437
0.1455587828269519
0.7290969895152656
0.15851254936291492
0.2710742923039706
0.5355199342868563
0.5599482563290608
0.7559015633765411
0.20748564440362838
0.7064517746903233
0.5257900404713036
0.048924575781822965
0.5942626161221009
0.9522286672777729
0.7501569507311653
0.7364243907988054
0.1886361488720727
0.3157126441977244
0.7325975942065618
0.7085106777356451
0.9238782811765818
0.5998165606685204
0.660494759299683
0.2355105326126209
0.42931368656480895
0.45881917036828845
0.23923210502696224
0.5727901533115962
0.5313342978488623
0.13396820006312637
0.3311801064381982
0.06583915816016506
0.7932689531627243
0.07802004155871156
0.9516885682193976
0.5908258217110828
0.6812047366983942
0.3233818152142264
0.1941439122189188
0.7053082618280717
0.3750787105969837
0.39307785470400003
0.704100014209047
0.6486169041917684
0.8636142085562959
0.6639575567986876
0.5635003961840501
0.4556586951302707
0.76042941304561
0.47422900257570155
0.5857517386029798
0.8583910932577397
0.2620392039829318
0.028913680520920915
0.6096746756051791
0.8586589123435352
0.33617722393794613
0.8589824899881205
0.40487974922617675
0.3140190189378803
0.7611986600206672
0.39269250540814005
0.09308249775864075
0.7247355692322455
0.2036153828555035
0.8915825892981963
0.18812552693578877
0.6859490907506319
0.19441399911213886
0.12498832261060999
0.06317675201750439
0.29517782303563933
0.787835702439854
0.7624471163953639
0.8754891557181106
0.021184653830867983
0.9704594141166365
0.8817507224753233
0.5255061689618029
0.4827657178321534
0.7013009501494364
0.598643741500803
0.34609101734187864
0.26558613446227786
0.7728587644249527
0.05304185580816356
0.7337128783793453
0.8088157331364031
0.09585404028328215
0.2418741618495439
0.05789550618923811
0.9958410009590456
0.9523797470697016
0.3748575442364379
0.3655907221103928
0.3751715304856682
0.5372420745546026
0.5652555929682231
0.6465228198413572
0.4286462439995268
0.7749151101266794
0.2519249061161376
0.845423289730601
0.013569980313006047
0.49238405020080567
0.38462352041587566
0.5309229224626381
0.37836788595923754
0.6355227015435454
0.6253214610140289
0.6143490025413613
0.11565156677862132
0.9556203532067536
0.36529901381373175
0.16420134068425474
0.1813528779388217
0.27862540177835304
0.9397288235285493
0.28697924344912507
0.8829557649079551
0.3246483219763241
0.8556266686348707
0.5250776265766695
0.5034744260239161
0.9331566691231818
0.45886313436586623
0.3439594800114404
0.21445290021212127
0.03398334251091262
0.15378295720536495
0.7821967420960798
0.840989298206424
0.4323422888777029
0.136567645748486
0.11716945877483165
0.5084841224255428
0.07948080089341325
0.15029524027366492
0.47352672012585784
0.47643070808439636
0.29349792593547963
0.6767891870705357
0.5694089913129922
0.22194909187616807
0.2384807169078641
0.9002497230033379
0.7954152560484001
0.9609093536912383
0.7788965731879337
0.26124683456322983
0.49662526462954604
0.5552492659136524
0.45025389473910415
0.9015392248312952
0.14280525544261313
0.26077735131882795
0.1438012090740387
0.24176904781544561
0.8440178344369752
0.24569793408692764
0.97794954584581
0.2647606417682371
0.5939447608627908
0.9212749750970806
0.5073417082028295
0.01913664322881037
0.4221353400777008
0.2642718610504933
0.7994580202169191
0.1145801139040531
0.7912617090250397
0.10373733209990432
0.922440831724622
0.9715813519177204
0.7478178843983653
0.06696957493173805
0.6032592518647397
0.5813871802690216
0.6092761042447645
0.4991323788043748
0.7358208214698579
0.68827441785299
0.1866678857508436
0.6295085152248162
0.12599909717368563
0.03390706380100361
0.982757413692488
0.7121711302505519
0.6308084807747518
0.1398778566155302
0.2356516738953961
0.703403831985052
0.23946540528923665
0.14785423584454094
0.9513162907912255
0.4579680515785619
0.2646370916017178
0.6504289034321499
0.9569271296946292
0.4947899215461006
0.7319373832000889
0.3079328787230631
0.6164530425789808
0.7811339000939477
0.7290540407372446
0.5192136839278202
0.457213837614156
0.29708426780196795
0.47946542323309027
0.4063005254652816
0.9529456720618379
0.7844244440019192
0.7952493828619251
0.6416807456801328
0.234251066963448
0.981745295679298
0.8990382433305477
0.962916616995747
0.2521881125879888
0.976202178531999
0.355725132774125
0.37435981112535754
0.32557344781685715
0.9917538822230905
0.5180051401933744
0.33344727144457964
0.3688958752994749
0.22995229290222086
0.4963393932312302
0.5227422123038966
0.8889018725028835
0.05018769071553253
0.9390775056562556
0.27904159116671756
0.5846742477539475
0.0638234443445741
0.20473574376959092
0.6459884083500429
0.3699323198847855
0.7481253844062133
0.909786588665681
0.247787178783881
0.9440887823430049
0.1712235315121704
0.03713139595138182
0.8118029430716116
0.19065641198281158
0.9768557498222906
0.10658783882461065
0.8556213932591491
0.06864161718538286
0.26683305520785816
0.23796759783956267
0.24219553040623065
0.31051475428243425
0.25218698138501405
0.35926540115795647
0.41662400203779315
0.6143083088788714
0.6974100522823641
0.8763124354897347
0.09992569552327102
0.9525461129848438
0.35955750179580825
0.4824646696501228
0.20664066362346267
0.6886362313122285
0.6862953101458287
0.7086785129188308
0.44711575673394577
0.21880102455374562
0.9420747724152013
0.06046023845524651
0.7520999831164676
0.4094300989787859
0.11273237420400439
0.8506510473975454
0.7377838219314136
0.06965716121235732
0.3706813269279803
0.2681454222546613
0.8668014558260202
0.8276819781555668
0.7855878750793193
0.3364283496782877
0.4684915163526735
0.17978357241856535
0.5361820679617126
0.8251777536258568
0.9602268673435076
0.5398604603537824
0.9370660254290565
0.3655595178930747
0.6357111114089258
0.434907624722211
0.5849207361845753
0.6781187780674915
0.805036026867154
0.35200475149295585
0.8348817821690253
0.4317846940726634
0.7168955398771402
0.6444416887230768
0.6173419682116894
0.03572326275074267
0.04265087402668932
0.4921439354044349
0.21825357542560497
0.5979880453158388
0.5287994187436009
0.14418664497695688
0.9574911365055664
0.25563643771180167
0.8512717618930866
0.5099792805293766
0.9249918739395021
0.4024647017114631
0.9612744742669002
0.052591217281357405
0.7397648299490848
0.020927028174806073
0.941689259722035
0.17389466327769043
0.36681167210405174
0.3110972672599831
0.9041405996056329
0.7633952916391952
0.9108475557517742
0.3743600611444853
0.6790252109853436
0.6947251944184564
0.6230344820963802
0.2243252995952788
0.06923717906014193
0.16753641543607878
0.7363367514628176
0.15694779522167435
0.5101994895132318
0.8666785778535979
0.5256229349552237
0.9913741056560129
0.3188783979200758
0.08035499083709119
0.23339553335906338
0.6211244234595981
0.3082772875136174
0.0915459547671661
0.9034901694532922
0.3051237137375282
0.007541624368635147
0.4288275618751055
0.9378678496450805
0.44343432967366625
0.2550911680771708
0.5404840317863739
0.7413650595722636
0.051602508966149485
0.45341189685528516
0.5395344318617462
0.2781791471705922
0.31556372589461434
0.11328480315924894
0.7550664414504817
0.5120390048610726
0.1430940380887058
0.7163124578052473
0.838770079007215
0.3216943227763278
0.04585504269897245
0.9827241039267796
0.6996471525235307
0.21441537406525202
0.09244583271203799
0.6276866852225493
0.6092403367748868
0.6663743251066516
0.5716567029622248
0.03983310488700109
0.3422345051096547
0.6528761649624939
0.10804720984400529
0.4254507249423778
0.6121753948138596
0.8468623224621497
0.1689137634749085
0.27295533644902537
0.8455975549083756
0.9920488751123254
0.05084984189581809
0.3214503671447183
0.6822634428825646
0.21458442545880074
0.5696581091102423
0.7511374350002822
0.8204405041127243
0.8336971397903292
0.2835371495308193
0.31440546823680926
0.3519526538794906
0.6660043839688057
0.7915040249549119
0.9153266275745806
0.054526467208570906
0.09058383238332923
0.6070295898165323
0.48226126914843104
0.5847789803903064
0.08726416100243528
0.6291473399048414
0.5336883700526612
0.9202052901393238
0.8100860565881727
0.7824590727534517
0.7569054423473955
0.9565433829722053
0.4726905581363101
0.9223836797914554
0.5770090429186673
0.9772567127154155
0.7585912273945776
0.9836703889678047
0.3281212245316778
0.31030957299752027
0.07567418857427477
0.9779315406932187
0.4501980903113957
0.07433734142932658
0.7654168625478605
0.9061151468141587
0.6156195039672775
0.20652574833568316
0.506994699428792
0.24106469569387
0.7242507778847449
0.9401627090940289
0.8504314591327179
0.3767777095253446
0.8606996096604133
0.18734048441756956
0.6767713169792832
0.06704913469303686
0.13031142779656946
0.5793599466854636
0.9891100960656418
0.4115374169361057
0.1549030892041413
0.2672946934152193
0.594409138512737
0.0014813116376540814
0.912095219841355
0.10303817565091511
0.731762447848947
0.8985552801449795
0.6844046470432222
0.06564774798690609
0.1425493949872122
0.3499589305383959
0.5175284981098343
0.38954352549517424
0.33120901515487056
0.20794564045006103
0.7749838999231011
0.3427655867135352
0.5128202164660582
0.9793359744889882
0.02517488195803741
0.9999387045090536
0.07503187568599623
0.39074719462897645
0.63233391464513
0.02211105184891049
0.4636359233993883
0.8287940320263032
0.9608974683898276
0.7176448009922477
0.7220198180924683
0.11247296482484048
0.41823142422907644
0.0012412450745187265
0.44689062580040706
0.9472244806963557
0.6309443427226331
0.8971003512554315
0.4643849318338631
0.2140885089419451
0.5366299156991537
0.033598021430889635
0.8915791515342696
0.8657046912637956
0.6865931619205263
0.10074639773232008
0.9064083378508141
0.12900841768552185
0.6595085157954814
0.6447774512179433
0.37160920365138694
0.07756356836297107
0.11725469161099855
0.9095159040776365
0.25471452374603354
0.3518552893557454
0.6266042530295922
0.3188084629163106
0.8085134220922833
0.1759506892482957
0.09092780561555103
0.10049026206942313
0.17554263001572779
0.4156889040079689
0.9219616975232995
0.23239419213242485
0.2430958618772504
0.11013743956623889
0.772989614905105
0.6189430296594416
0.6117937732303197
0.9073298770405547
0.48464800428374566
0.7755962418804017
0.6648780150182896
0.14033840027445055
0.7160239687440682
0.5922645200469151
0.7152029660519358
0.36489691663323864
0.752138967190034
0.8009284747701415
0.25675573713385147
0.9407696365994429
0.24124268923198133
0.3698599858164332
0.9204733349295575
0.2379219842103133
0.5770820439328909
0.9004377890792041
0.5290405023948845
0.11775282993486769
0.10548283096483757
0.47925063740861307
0.32076894888087415
0.5308201382958494
0.30896704964531607
0.9490387819481132
0.1609362044178696
0.7338988931768624
0.008487072886441127
0.9713131945762514
0.5255438434995062
0.019558597547350565
0.5320131176191624
0.8219681669406187
0.17418693429332766
0.9194760575323493
0.16566451685555372
0.8756960792118784
0.707363637813141
0.8847138472623697
0.5595062789430681
0.8866427481839604
0.6569922452227607
0.5649518837068288
0.7377978025361466
0.24560728067403526
0.6382246153055061
0.2564925029770414
0.42355508414633425
0.755645538131843
0.15176971450208643
0.48585323393104707
0.2891217625765786
0.5112147499622473
0.827991463821453
0.8579049799699748
0.4535656946769011
0.5803860216311152
0.1458357509482927
0.6718642512470467
0.6354019827607398
0.601682415506146
0.8762690724029627
0.9640393475158306
0.7581396072157975
0.4551563676544592
0.11962961378428749
0.5817314824574098
0.1640187181998758
0.6802454897920849
0.39878411087792287
0.8287727559590619
0.5521351280376386
0.7779969865837468
0.05315207129625876
0.39902363870747737
0.6797927463858605
0.2876604665305009
0.4643434540491532
0.40493177855185614
0.6649864372109835
0.48098018288955713
0.48078769106369423
0.47659934103933
0.7171152541939961
0.9118316890797481
0.3260325187849862
0.1664818966003927
0.6541296250758839
0.7352410301650655
0.7959864662931606
0.1878055221968291
0.7224362680265177
0.39794830424408045
0.022037160319262616
0.5190556954434061
0.01477509247765163
0.7497378298791947
0.2754019999108671
0.5949503247408344
0.42602333983635443
0.09597023081990219
0.9850390811315788
0.3636486201430249
0.8751051900065214
0.11178667308442314
0.3758585626528661
0.6845553938018171
0.060644108203635416
0.260146315561551
0.37309117489838306
0.5249199621370798
0.7682858209399215
0.39184851147636746
0.3936695329897366
0.6540614893924708
0.6907089021901149
0.310709408478404
0.0321063655694831
0.24627549716276287
0.05845974858431502
0.8084883846400204
0.612566912719489
0.31893541251390867
0.0726326170537811
0.789450199402165
0.8611307738112098
0.6572989203512349
0.525001135091128
0.8923279211419075
0.9002784741956733
0.18904621442951242
0.746643215434405
0.8304642001553132
0.17666854855924286
0.6046178113296568
0.2907753867961974
0.056828776682458004
0.8471841465786113
0.10333397005978862
0.28559460622848276
0.31753290954049396
0.05278969113360055
0.4327817856596209
0.18717840441681
0.7709419497320624
0.6820208973288691
0.2035675780471048
0.14526704311456373
0.4562029313952821
0.6200016834921022
0.6411204854129371
0.8283856020820254
0.8560148613634361
0.7598355184021008
0.6689805914143496
0.32830208364274815
0.2006527347258723
0.5040840688063639
0.3597316530070981
0.15021898781867815
0.8945505201046574
0.975843101097226
0.12436680654007659
0.04649849508412074
0.6051116450758869
0.4421135037602283
0.2952690129516852
0.5465961922203686
0.7538938129840187
0.2226470255088019
0.22667449062785616
0.9739441801409305
0.09535742305084638
0.1967118083445989
0.9708783245469348
0.5045875835368178
0.5553398965798497
0.3301263019788907
0.4386358188991437
0.3196688144713442
0.9667615849655484
0.8053034077542227
0.27169112348688507
0.24132971616915055
0.5014338558398997
0.2967115675713987
0.23414349051745198
0.10066767976070212
0.5320598008645617
0.15820558031784726
0.21257315109011
0.7582887025208489
0.42763319959279367
0.8384831082875155
0.37330469127806865
0.009505877881644254
0.2770914179678554
0.39892476904843144
0.574027065679413
0.6196653197047737
0.7992764161665081
0.4059070749619883
0.6284246179681574
0.4586662187696552
0.375197058498452
0.7757092040444277
0.4133102953763621
0.6601363764196571
0.9909142595389748
0.8167483977220809
0.9111601180503056
0.538702894200455
0.8526209689308023
0.659141591648753
0.17445094777137082
0.7041389580817498
0.22144028551788741
0.32333275451125953
0.9937703146861485
0.20246344147762796
0.4835482183933182
0.9716283822765953
0.49323433584863696
0.56495436200675
0.4565187542083543
0.738312860887688
0.15952152401847786
0.7454178319005581
0.7992073301707611
0.33088176545056236
0.9651428899270837
0.16715515964549366
0.4664952595711357
0.20889147556607113
0.13761680416385336
0.4995242104369285
0.3143412148533752
0.4182411141480291
0.7928227378450249
0.09126294237054522
0.38030039257330894
0.476788634479134
0.8921060325274274
0.6439446678596694
0.9318410616728462
0.7059102735688594
0.8238107213318007
0.04375930780782922
0.8098182181046764
0.2212789456839287
0.06765013538091613
0.6201359576558345
0.7738323301585552
0.31020057673644275
0.8300865823417473
0.6234632084740405
0.6476577738798704
0.8521972199898771
0.1928206929209625
0.7199124416526717
0.20510599660040074
0.1805724587133899
0.2705689502488623
0.5300215498961998
0.9390495267248042
0.39954498960545115
0.441153918565257
0.6627610157123333
0.37723415298788154
0.15303884759865705
0.2998261283452248
0.6849287807714142
0.43439976738618236
0.6900603190142249
0.1289036747190636
0.7680585130391212
0.7954171209016632
0.8864072786607237
0.5492617312595501
0.8312925809124938
0.5470965460572661
0.3141525327850766
0.943312609880748
0.8881348787064053
0.39994781767355037
0.7198277621664607
0.05627352272616781
0.10386196591482577
0.03850740942318376
0.5356500366999083
0.5392565997380819
0.8285618795297973
0.23668272265915657
0.029651943372175804
0.4834461672209105
0.49780399567087963
0.23761187339483758
0.22914018365552036
0.35792155383306734
0.06204127942294224
0.07999487408448902
0.7057467079111287
0.5007063342791852
0.3090669260133697
0.23327761760365007
0.5672490527712516
0.5466488356691673
0.9737168390316794
0.9280102378258859
0.4696227486486294
0.7281052836179092
0.49600022951869105
0.5927516728938808
0.8469041983092294
0.3926804916051977
0.36622944973432203
0.02766997032456109
0.5611145876791368
0.6740006104207111
0.4837127896360123
0.9826577494334068
0.07404318914155306
0.5144165501950313
0.9806827257950587
0.6980209714001747
0.8945162182515133
0.8033361826719089
0.3760755139617741
0.9310102836003251
0.9386483939584434
0.5739715776961354
0.5364855176481087
0.40663652252807736
0.4806353986855003
0.9573808155874834
0.8124047429356201
0.7960971975552182
0.0722206107059028
0.18640150343633277
