0.5429700357284449
0.9257086870067313
0.01822479509638808
0.939311784182576
0.18456675919986332
0.2200870520696313
0.5367261656906068
0.2728991207049041
0.278824143860153
0.4148364125666404
0.48976476593104123
0.8223030423046577
0.31827484320200283
0.4234635210912373
0.5488186409291885
0.33477562265115024
0.3333529393451472
0.20124403160328264
0.46881797825945914
0.5891463032904506
0.23459205194965893
0.7502893393187552
0.10650836855382284
0.4087438974672678
0.12041559622787945
0.3437102743251642
0.9337579238021397
0.5382049978929725
0.8054510548762481
0.9162593882055463
0.878994501449171
0.18003332962475005
0.5054701821239095
0.8992949659688897
0.7517697708675058
0.2916028788722185
0.2632965447961523
0.34428532939901557
0.9166871070577894
0.12990929324401668
0.2025655169213756
0.22421957284153948
0.6188995236619179
0.6067227912431914
0.731561479610963
0.17845264612458422
0.5347443779323481
0.3187454833925004
0.49650582205215166
0.9226199233262273
0.06960077954199462
0.8851549704967173
0.2243823714885398
0.12591594933702066
0.8256136484581981
0.20296314697089157
0.9234081052316713
0.6155475080688244
0.3107142261122047
0.34607460662260947
0.7205203877063343
0.7570551350200196
0.7653072749765882
0.138485216080791
0.9899786284661947
0.9314837543754629
0.38709437734019114
0.06085594564654362
0.17942421694804933
0.8917925539727036
0.989884225790443
0.12184483160423021
0.16061367724287967
0.6717954005770278
0.30538359869028
0.7812023927699733
0.5987953885629491
0.6110289950496117
0.5402817438958747
0.1785785535792691
0.16925914505632123
0.8176004664942312
0.7666205127995998
0.8944824958933709
0.4774392546507784
0.41291224814572736
0.827471383977848
0.7455904894342732
0.12198207495355784
0.03343113462151437
0.891610841863227
0.9049285217565288
0.833944131760464
0.10820092419412386
0.9100225141941498
0.6888592619265775
0.1264890291150803
0.5313998032628277
0.9403044866325856
0.19485209517780644
0.10012336509163111
0.8052095405067716
0.0459181762681905
0.6379047892508906
0.43686472509902186
0.5654010233265024
0.14431037591897466
0.3285999817463209
0.5839565011430863
0.44425437542126867
0.07286589733297799
0.4836772856373127
0.529482999488831
0.4927852468259265
0.025420382583181356
0.20980688011870963
0.2272826988657437
0.5944676837110745
0.1831346602017384
0.3527126931424155
0.05015723645392267
0.13267457123717274
0.7697035883370537
0.08203655079450767
0.1812123376418916
0.5748142539864015
0.06679918074140445
0.2613810413086296
0.2768216747698127
0.6952366464691477
0.6410881497432891
0.12280277011097795
0.8950714022796278
0.8890841693639151
0.44689569686964237
0.477464182038595
5.8708478057667435e-05
0.18604474229899437
0.5574933948304314
0.17494345338402484
0.5966833629980022
0.1373618928159488
0.27479744211471513
0.524841983022285
0.6772413752763771
0.49733329697946116
0.5617223378005494
0.020615716597381484
0.8577151216839941
0.8818524592192832
0.3699473631266732
0.8455995611141344
0.40875672461215384
0.8970584893089384
0.6038131758315545
0.14061777656822116
0.09819276909454056
0.25741026513873244
0.24423421299985693
0.7891344963496236
0.07497548183354352
0.08228703120894976
0.4771281228697998
0.29976465562562316
0.5632477164567886
0.10646846512309482
0.9979749080372853
0.8421530056747394
0.954370187833458
0.08830283908724701
0.14347932509537453
0.7695157242204731
0.16761935974619713
0.318151671317384
0.728496203248037
0.21977485573746713
0.1383207961026548
0.39412248229054914
0.9492557295786417
0.23134231299349173
0.7141086447768765
0.13449976701120137
0.8915646085919535
0.6530818063201875
0.675577756719593
0.39148141887034993
0.5280217650835363
0.6614386117177296
0.7545788845069207
0.46935247957743076
0.698150144088818
0.5272050817799369
0.41113983117511543
0.1956066099190259
0.4025341449724218
0.20640460945343786
0.8666771211644577
0.006999661705338278
0.571741997676913
0.8280346846565716
0.8316321593967753
0.7083178200554849
0.5410803831666049
0.7967767055991398
0.06206791825831415
0.6294639938404701
0.5796869006282126
0.2482573785566229
0.9373561948583745
0.22876574745656164
0.9732129248687044
0.5397270511219076
0.2547392485958445
0.7000887071073942
0.49211572706374695
0.6842827954245423
0.9533547549084911
0.7132586560237092
0.8982355237035626
0.49740646274686906
0.40761456255978923
0.1419214301842131
0.8231945500735471
0.7099821952163463
0.48812112892559456
0.1340610564506861
0.8174656325339393
0.9504963181539375
0.9565857221384861
0.9300868308163927
0.4054918976707075
0.6689688645884238
0.17781692506112023
0.9214657566369291
0.5911654618375178
0.7969215059749974
0.07296365868360488
0.9330686840415043
0.10586465005428847
0.89482460896635
0.4832389225617284
0.8448353436115242
0.15302129624717653
0.0699049891551159
0.4630147376067082
0.355841619284203
0.8343116067990656
0.1523135426615173
0.896007392785204
0.11562149035463076
0.5267122413118274
0.6092511233249959
0.8269186578639491
0.040782287329194644
0.5513545174410964
0.45727286024537894
0.1961363264825201
0.5704237976783487
0.2150950513792722
0.48364857173535736
0.7740525562784565
0.31738681957352466
0.34338439903585516
0.33404940019314744
0.4577001442391042
0.6768801458950819
0.8857711971586971
0.10843360092082033
0.37071728503682555
0.7852349217086486
0.7419650118016465
0.06380654300951061
0.5399942363320808
0.10769645378004133
0.7274498342854475
0.01404506103631653
0.13338615591077874
0.5375953811615944
0.8980416348190532
0.1727901457053328
0.8609595642392078
0.09898968137643538
0.20374047695540431
0.2806953143273022
0.21854234101405523
0.7364720520612329
0.7066923834653998
0.5659623601249374
0.9521260403082928
0.7046606055024611
0.6281880082407572
0.296705163193427
0.706051376849274
0.028883033177289796
0.06158865288029414
0.43680704125584013
0.04633727269413479
0.014907027085197866
0.6778519871165741
0.573583254276748
0.9736441987807712
0.7355307303288656
0.050958333924878474
0.6639267431577508
0.2899551825326151
0.54833972241166
0.9360417833917322
0.4013275233659639
0.2568052796728463
0.7024966684019763
0.07079841273686605
0.19196152911514863
0.9080903008199362
0.7221207225492344
0.5521471112367808
0.4874839800706482
0.23434911526332425
0.07541885505201895
0.496943232638962
0.005342185468672489
0.5513618315549708
0.020038932950012134
0.5179300636891684
0.7449509917340459
0.7137642291095485
0.18612958500701615
0.6206129323234694
0.3322665214496411
0.5770964580808993
0.16338090140980543
0.12277985455550111
0.6058274164189457
0.7702393325504979
0.7151647760881451
0.19631518690340222
0.766944339159571
0.4866035887530178
0.40409468004478255
0.5807487671968891
0.9374005107640642
0.28266869269692063
0.4696052875281995
0.04206494219622581
0.7628293473722645
0.305702309402189
0.4370890758335665
0.6743305416192619
0.6756860131363656
0.7036230170148443
0.29174521912206597
0.29781699646406357
0.2750932316277852
0.0502995997950203
0.864727152113374
0.7639966752395161
0.009465695212090064
0.9924551826273368
0.8482811388758071
0.49505714004039825
0.10815647791330252
0.05620278676727419
0.7449623740279141
0.36297098150814044
0.6106522162037545
0.3661786453581475
0.2408681842947985
0.7268346932346361
0.8313172309166821
0.5267371548267806
0.35744932094647786
0.16860941697845477
0.6605403625332263
0.21282476685931284
0.553340928693573
0.08263479046394562
0.3365617020626249
0.6566183193108606
0.15025232090599738
0.17377399792781445
0.7577748514718391
0.9874487790221566
0.3926727491866562
0.8215323141604809
0.712113240305222
0.37405025206716536
0.4309064538268177
0.2759591681803413
0.870757512035306
0.569130867833611
0.7945672219765383
0.24385699833974528
0.969760677973901
0.27786553688773397
0.28073495219512345
0.9586185792145056
0.4389492120093007
0.9359074104434383
0.10481839574472751
0.3575591605307873
0.5303501969312896
0.7129367971895001
0.4906260002321454
0.09970848096034379
0.5779285657226592
0.05271599380838399
0.7291104727798192
0.6524907895475711
0.3972822655479352
0.2610564708130353
0.40212075789148594
0.11736223390372691
0.6440160681271198
0.21020264406788747
0.03521779557505944
0.825255527537627
0.32277743526804026
0.8354831726383872
0.9438780480973016
0.48399669054878525
0.7052126911694262
0.9061456383333985
0.4083321220238707
0.31648863588032194
0.7773786689451372
0.24429037492487626
0.8453899723225194
0.3110629094703844
0.6147402687087122
0.3184918563029563
0.11387971546840236
0.4885614493766339
0.05514778144978272
0.4107390263304891
0.28538425599636885
0.9004075738200484
0.8239392211189939
0.510775614738176
0.9008659603497975
0.9837147193105718
0.8954236719109167
0.7552731088422334
0.7760161035381816
0.10131626836565
0.7891163816162239
0.3851161051033597
0.339077810847938
0.1641300568613996
0.2753427048753042
0.09080182586964458
0.759581269809032
0.055245894837830045
0.2626140284956573
0.9385903370595939
0.7899296488699467
0.6653236655036882
0.8829157577168565
0.2881659764497958
0.6427238699521445
0.08673286710335804
0.5157789987614391
0.4662223805310095
0.40395814469463354
0.24124590480681207
0.11194888263061498
0.5499371040223193
0.13434061106608908
0.22332365535940957
0.27808739162250207
0.41711840614241136
0.6105874415714249
0.09006593443380762
0.4315923837279425
0.16713640081508663
0.9813486137836352
0.23829123611278336
0.09054302272387516
0.4305536740326612
0.9393698667560291
0.45096244793949947
0.4895906514253058
0.5065305424243131
0.949644306853378
0.1984988110900373
0.418225778467743
0.0342579123440967
0.738895868404249
0.7004587107167597
0.6890195136869259
0.08842682356239606
0.5537100719858596
0.9345500829479095
0.32797769881812733
0.22228190761671052
0.34522376680670497
0.7655468675003171
0.01652434809288361
0.04473973516151297
0.7040769396616267
0.5225033676530267
0.5087062008481485
0.4740770181605566
0.40318354440419735
0.1334254951109045
0.23638369864047204
0.45978649640638636
0.8090246047887895
0.5033522777374384
0.25472017023006277
0.9533798881733875
0.07320356753513924
0.3054729483040626
0.6277739336234477
0.5911212966020549
0.4740923517521126
0.9106590411553859
0.6643605016095155
0.6222559765739127
0.9767481471024753
0.1551941650710863
0.28206323347578366
0.1187219489458734
0.6997362930152401
0.2824815058757023
0.9478472407207067
0.29191678008580146
0.555982918539103
0.9619926394661693
0.64831434868891
0.3593301482362943
0.4439632179825631
0.9717255116633219
0.25482826337624087
0.3623277881299577
0.11779427284156163
0.046880801866026944
0.9215810676967354
0.40871448015900536
0.9790125989657201
0.2713742772793357
0.5467723399121431
0.28010138440954924
0.5853119027185936
0.6173894567062476
0.1369442530173719
0.3898225802220635
0.6790037913499213
0.4629620572482045
0.7238891707252887
0.9275214827394009
0.6590021480028536
0.08730619432646114
0.622761939744826
0.2836426850489505
0.19957494463363168
0.1512942470879758
0.20992747642213228
0.17860742348566816
0.070992989924758
0.13269729173337885
0.029182471936686438
0.0809223064594432
0.9422317474778136
0.8385563855885672
0.33440515628968837
0.14707522905797277
0.9996866112594182
0.846482411003768
0.6533314180120523
0.20138716540282642
0.5016061034323908
0.0670063486175766
0.9792132863412091
0.6795954499153389
0.033411724253846975
0.6330854235528356
0.9090339915476505
0.5544338249179737
0.6618603186461103
0.14129332428598418
0.6573961517168446
0.024216697277031574
0.45345651212006377
0.2694649811620089
0.7354905601245432
0.23550502923424543
0.34353332201902675
0.38899231423592695
0.2733400274327561
0.9000642634688745
0.0701427262557981
0.9025338211125068
0.09687049765820144
0.9364178973980609
0.2568654263835729
0.7277262394428361
0.7839282761289368
0.7002649537212339
0.9329519693266665
0.91495037131982
0.4962674761419349
0.6384394038313975
0.8533057009488156
0.6078890162606875
0.2002774458110157
0.9792092812750104
0.9958311224735273
0.46661957354201733
0.15078902747692302
0.5540170566776578
0.38640313355542755
0.9525241694030118
0.5367184896335606
0.6729531096072701
0.5749723795676471
0.6897930974836637
0.7254818865581308
0.2628082211809587
0.38741812319729463
0.15251674134344595
0.14182818876168202
0.08273229574160768
0.1234358639514277
0.5979978004665462
0.8656688501722891
0.7602508352331275
0.04321156229772127
0.538305550020665
0.16223572479344273
0.21665609375861306
0.6946707243829712
0.9628160091889548
0.6195702324062531
0.26913414701484584
0.2048578010291685
0.42055591471497866
0.48051835662778364
0.7173936004115463
0.18418067015502515
0.2925676607721268
0.919316805300785
0.8543896513632182
0.7001951393709646
0.2788772657987765
0.16172578059606846
0.46601039306370917
0.4771873429164758
0.1602856592108508
0.33625645286206585
0.3859888051050593
0.3663724018311296
0.953780937273733
0.44702620163412765
0.1566030764847961
0.32000968027433774
0.8850806043058711
0.11514203308883642
0.6115812880507896
0.4425845973065514
0.753030531685077
0.6577510770266369
0.3290134236223078
0.10121105133571096
0.261095490458222
0.8245809941494983
0.14318186667995447
0.11359840785688757
0.5411255203102094
0.2022760994404572
0.123725917109478
0.14638278784666126
0.07892072654712112
0.6599785321521447
0.17484282621706237
0.7538490896700696
0.21056639177235725
0.4163060210491014
0.7235592571382186
0.7931657907988131
0.19342727255529701
0.11048562346515933
0.7415840900586673
0.5146880275988036
0.7609257190323544
0.07237555088098035
0.8060623128478903
0.010038519320318406
0.39741579262301596
0.9940061058087241
0.6321766261286327
0.5258983489965487
0.35470919368371323
0.09343719156792485
0.9492095036023068
0.43105532307090066
0.19523821737392888
0.9101417859927018
0.5099759054173093
0.8940473763070946
0.9910831240757412
0.9121928224437621
0.33459196825170545
0.4476551471992637
0.3033846360498548
0.3875615972132155
0.4372100663510867
0.8859882372319638
0.87677044998825
0.5337510059169028
0.662992021287784
0.06436583917269867
0.0823824402581621
0.19752059615429218
0.7050695022239537
0.8947625397229225
0.5653500636253358
0.30887051115131015
0.30597378255840924
0.5671867657542744
0.9758489262861025
0.685981424234326
0.7728424410586456
0.05213441397935514
0.7619305116239553
0.3863248031420561
0.37215951035895245
0.22632883952410832
0.7483439461019223
0.2620170830497681
0.7490614142503403
0.8201701484751385
0.3270708951793653
0.4540653199300989
0.5926557056388698
0.7906261893859418
0.2135059357189787
0.9366933212183729
0.03035718618653105
0.8828461710135163
0.33558805495040067
0.861804943934086
0.07229365841709823
0.19206491415420046
0.21634981757625016
0.6055101403827267
0.8685384185566603
0.9476836845802991
0.6891208565729755
0.02365101724983354
0.5883818164321022
0.006393494473321271
0.399499093594637
0.6378030275225955
0.7031054137230255
0.158318992779384
0.2777597173870133
0.5473895521773909
0.7222157380808555
0.41091204452664265
0.6953867027916845
0.5053076802869282
0.5195478833686258
0.49374409492370763
0.4507303787179491
0.5819234023643653
0.13196004682549012
0.2636035781865317
0.8234342289195611
0.8059943370412676
0.015203706762341174
0.06975249878983736
0.5049055473550831
0.7971466539930221
0.8905714601737219
0.17430674132455592
0.98239565582207
0.8977902850306719
0.12181630265773369
0.7718502199161527
0.5275684926914497
0.0021287900663510273
0.575051490527252
0.5030021956141335
0.13803353880806513
0.43961014570674717
0.25304647337234
0.0817515133344443
0.783857528966874
0.6212193898846805
0.47125749424073804
0.3377360297449771
0.889421810456462
0.8745792836402447
0.052261891553177064
0.0829270790615737
0.7086571605423376
0.46564885727142347
0.3089817627842194
0.19909909279578464
0.015254984822084872
0.5519563542223196
0.40394108049281974
0.5724713095813403
0.683349319923803
0.9887353125758216
0.08643973145936634
0.5212953041556879
0.44546775517873116
0.6697313153985992
0.017717666211937266
0.701420473863171
0.6495972333451964
0.7513423354156331
0.954742312801928
0.9847456707174046
0.29117086015084404
0.9064295797661698
0.3012627629837554
0.4051178787226818
0.4058532507354996
0.16351104201167388
0.4817735027783785
0.5042716762596559
0.22132484254524454
0.4813248609518457
0.30327789437568553
0.3065692618624255
0.1561623971340761
0.11008641181494372
0.5314306947507452
0.13532908980657388
0.6007838426967528
0.6359259255855719
0.8190435274870692
0.36117370129115456
0.21857054210827098
0.49353838829875085
0.0546997553216555
0.9842540841427614
0.48430802840487064
0.5894839379434715
0.23969449234055829
0.21960903331704962
0.28424148424557627
0.9608284569261527
0.35277845451063683
0.3341087213320467
0.9113637757009024
0.40724662022058145
0.43654260941187084
0.6936034648649281
0.40969675042240294
0.5866188097247389
0.33797805112838997
0.8696240923228602
0.2795403692777966
0.6868734164531151
0.9988097332585644
0.7379414805856744
0.52508740287772
0.8849017377378086
0.5589427564342851
0.9240230875727404
0.03200701221287361
0.3721659185040156
0.5189592357281473
0.6876733513799325
0.5940985727510192
0.06572653811892626
0.28715190477679564
0.2057317361334987
0.5344602694004459
0.8526725420102494
0.8378881064102719
0.18182826719451117
0.2044984620779411
0.16428418383962518
0.15357077924934892
0.3175533565042472
0.07640674373549317
0.2650532194687477
0.548618858731925
0.8069150832247438
0.27662163329405576
0.6500826052110491
0.09404260515424923
0.43855583900818684
0.5663265624576481
0.782550303913538
0.32963392600438723
0.16255363201013995
0.01350540785360932
0.4385201098436402
0.42820007785662306
0.14210174941205023
0.7821164792498556
0.5602445109485251
0.35610790584350016
0.40493288702975283
0.23481652797112718
0.012405779172812825
0.27770670081068216
0.47766109199845463
0.2271177571929105
0.8175508792723484
0.9136116853437223
0.5829481427277009
0.9722377490255273
0.962763135241418
0.8550726428622288
0.7477589049445609
0.5491169317969989
0.11630032576532967
0.7836211425621717
0.7515872580979105
0.39856309723799377
0.3539093482525235
0.45426301084856724
0.7262960471091704
0.3520517246535254
0.30046414946346034
0.28214743107900164
0.5058883200649466
0.6223610173299632
0.565263927372435
0.76834742730908
0.07543710850593621
0.6014128855903255
0.6689318868464307
0.600670329439178
0.9562904592085589
0.4886803546965097
0.7542676007777956
0.9644021877089958
0.3811649187417345
0.4995012023750901
0.02967929355286425
0.8764997643250186
0.5342419423986169
0.5595126358479989
0.8108662814956321
0.5782756519144552
0.47537658651866566
0.7170266291769962
0.20315567122167877
0.4897627311114794
0.2854205823456838
0.4627013291569094
0.43678544319179835
0.6646395748993107
0.9411389043678177
0.6635489235886646
0.2166119894887466
0.35270203011566303
0.6525583451065973
0.4170978417512464
0.4873550059163463
0.7564759359138306
0.08469155604232093
0.17286004158287294
0.6604245090992865
0.4075909658628746
0.3591765129397967
0.492970835354703
0.9251357634513037
0.081807664557211
0.3960100021897779
0.32868542012532787
0.139380587691741
0.4662229572685199
0.09624201806197885
0.8335844215179312
0.5998372813170177
0.12168321682043892
0.5186656375026335
0.626006951791577
0.3010575854229355
0.971016062770354
0.49165831578541175
0.9896981645041704
0.8122829299908424
0.46379763709600963
0.01760515993002576
0.24142254599053214
0.04065111312527858
0.45833119619634466
0.5566393677750096
0.5896028052268387
0.7439375381991599
0.26031462304369946
0.16651746301386572
0.9693295556894036
0.7173540112838559
0.8506479189952498
0.2888077309667071
0.5957068049088441
0.4689763488701544
0.36494732000472574
0.9877143439788373
0.4178589056906804
0.12754827378015232
0.38231482651291526
0.8044059803442034
0.3958863590950751
0.7216396961253774
0.3539329308809487
0.9629453147873962
0.26643133993023493
0.9262920749752781
0.6794048517111624
0.4249515994510169
0.24932391344168103
0.4774453520606129
0.43592524487592454
0.07869351650397383
0.17565235092837694
0.9332270085200333
0.8004942621338648
0.8108617112254469
0.3936038126917787
0.37758143401303335
0.3271394822412357
0.6052473690508023
0.9453008916053678
0.26305764837600154
0.6039188650030176
0.15145117151177956
0.4775846640050041
0.3277751787631503
0.6578765475401794
0.6549660334846935
0.22421524928322167
0.3005718875785751
0.03891239284406067
0.41485410913538356
0.9767550422003718
0.12370447822951502
0.7203264414665841
0.40097430877523266
0.18371507752698002
0.18857276909578058
0.4050452217933511
0.18488980966780733
0.6987911530917887
0.9855072104564586
0.6984056550308698
0.6756686207623048
0.14895703639410696
0.2858196788009538
0.501383667580071
0.8357753873240025
0.28638782942270313
0.19529287916996096
0.6687612722068347
0.49060930579646933
0.8570199394368858
0.3598273966791923
0.06517415081927924
0.9080608720922224
0.6737767561300865
0.40917817452692584
0.7606980020224002
0.41930837874454807
0.43420466244307754
0.35760493897812673
0.5651620749601481
0.40295747253159575
0.24510915870034833
0.7035910203912707
0.8684890997600082
0.1304259985359696
0.40412275373790896
0.9137796382288106
0.845569376732047
0.8448908795596018
0.7783097426906951
0.5890992991582312
0.40005473800471003
0.23972792966179646
0.0333015562665534
0.17089277526577307
0.9481748936157108
0.2235242048675814
0.23861418812663315
0.7822873404389118
0.0636467654604096
0.4257823659863129
0.723878267808654
0.20073733319317488
0.4334407145020087
0.9693274503770815
0.8516656581111955
0.031736589961398276
0.8744132421626785
0.1731846747101714
0.7565108734518
0.8622802409106173
0.03869607193545621
0.49434607018987253
0.03977572373480376
0.25451392008153295
0.013297901811500035
0.7080404325283742
0.3680449832408166
0.9892806905517624
0.32845382254005673
0.6578201094615522
0.1548112850721447
0.8390817519249827
0.9646362728972044
0.2774868646624582
0.8846883220039953
0.3218112336823846
0.9605407196542534
0.19797163366883508
0.7592873555748472
0.626344001132104
0.0202124060541099
0.10754256999260514
0.017638530511409845
0.7007062252510483
0.09064109679395171
0.16338788120416514
0.28136740162150653
0.6121156521628323
0.6947572295475094
0.2631825235488269
0.09390892556025732
0.8839005629421031
0.10263433459209592
0.7015640085660529
0.3242523048570085
0.5719919712699727
0.07855076252495541
0.7817592571922422
0.03986685441545301
0.22668094049668808
0.05027937499523316
0.28829013559412064
0.9380541088546503
0.21696099149622794
0.8943766158597336
0.5804283814283067
0.3395844238205017
0.9531785247967882
0.27057308201294583
0.8880697717960414
0.04281207314623048
0.1579598387523673
0.6495138113165536
0.03490659967868992
0.6218843978614762
0.13942503011831775
