0.2534891800034955
0.7499458217997289
0.4677116994939151
0.8117604022176759
0.31331079573644327
0.7893565206427764
0.8722078680237586
0.2963604740265028
0.2751864278588113
0.9923164842695281
0.9165100178008905
0.10102544871168728
0.8737554010718238
0.1979492059902459
0.9527738700774108
0.026987827881243875
0.25394061389786804
0.4874328038157899
0.7257515319543516
0.3687460502599129
0.8889959795484665
0.9844977919713208
0.14628486763761994
0.7607332168726101
0.9979650119696166
0.8049063452521947
0.29402259971528744
0.4670203005287139
0.9527757078415573
0.1831825657570494
0.013640086212814317
0.9895497206633989
0.5888460436353232
0.12067342795765157
0.8181042293479661
0.08294875422233772
0.29736268672065647
0.5762786861350534
0.18530299013969365
0.19290261463831715
0.6503080947194497
0.7405533756717129
0.8061261234824039
0.3469328026727152
0.30974448440093383
0.8350409893594541
0.7059178491700893
0.656481472807467
0.7120108956045716
0.5736948054442303
0.4721725470711069
0.9254789232904718
0.12012997773840839
0.42355107209262854
0.5873713299120842
0.37620356128408394
0.56030339385129
0.1646107540564271
0.057228402568946346
0.8506727721904737
0.0348782545863322
0.32590617371888286
0.5183788005478894
0.5905431372013574
0.060540982129079435
0.6208685910982099
0.8130601903274202
0.558840721844508
0.2258998051653579
0.8413760170799821
0.8114444147818507
0.27388215779793545
0.1754574496041975
0.964894347420667
0.05827216405576463
0.5277855615500563
0.09849209634017853
0.6918210100119662
0.1160893342114736
0.4201355718339216
0.4614664774944367
0.5313342165419159
0.5928221267899955
0.757283054902948
0.23180502604356146
0.28439703542619343
0.556505089900126
0.0839222976810775
0.49047150691937746
0.11117930239217011
0.9069445687251927
0.04314871423521682
0.430181933538348
0.2832483434960408
0.8246705957455001
0.29960227231397507
0.024101989549037084
0.4876827418796208
0.8143186331890911
0.1037417369335083
0.6088691577633849
0.8070816056914837
0.5612652833760144
0.39461189101849103
0.1136424040646673
0.8320080400443263
0.3114838520979023
0.502039159870594
0.19887540892341415
0.4024388588494747
0.163411602946549
0.2422161862796801
0.5871660372230809
0.27061350741736545
0.3285686183705123
0.022796049278806185
0.21072217028410956
0.7799979201316474
0.4434595079851841
0.8498651690474005
0.13341525420544498
0.980491653062556
0.13927065842347308
0.5771652862714016
0.8387590914708825
0.12962515425618526
0.3284085039312452
0.5931078100687059
0.3078591457750425
0.7875684671104227
0.10478334676572443
0.9757191072507484
0.7567583519245814
0.09167663891496991
0.32997956744171963
0.35639370815333815
0.982064577042891
0.2726611783854308
0.8793271579317005
0.8167402628223662
0.7300410679508685
0.040886404780331564
0.3967578536767983
0.9520170633229222
0.537549131827648
0.09737767787985774
0.8660942713956724
0.8243963486578024
0.8674375714032331
0.5502285839412461
0.48758656913504494
0.6568953607225111
0.16610008160679524
0.2575165551287706
0.6187991738655516
0.24942405710922888
0.7545123292082707
0.65952021943312
0.5915967494061487
0.4240512718648435
0.30942121702222847
0.9183863626168934
0.09897672785240241
0.3444163385155212
0.319360781479025
0.7362781658202616
0.9972784084040109
0.014007987904675834
0.829114832622928
0.8560429184761172
0.06531007587442428
0.029121492034790086
0.9023166994595418
0.454289600959474
0.5527506951104366
0.25597324824126266
0.3184102401578509
0.2423085165672706
0.08335174456437189
0.11414417381066322
0.6428259574081541
0.45837803154031886
0.7103416071045685
0.10711805265048058
0.544118768430804
0.10665259678772376
0.7892538505069195
0.7474668731869047
0.6670411091219507
0.7156578936658095
0.22827838102825204
0.31807133283478906
0.4872577506151239
0.13824081436166724
0.86546303425323
0.8469923460426052
0.657055369769731
0.9355995096103655
0.5485685073087438
0.4129489576780597
0.5432155078472729
0.3813318695314051
0.6713342369064653
0.5389203834461533
0.16468803003740595
0.9642552507996327
0.6138292550722283
0.11410010448925012
0.7822351215604516
0.997344965285896
0.48836769051015194
0.4198661753964691
0.6531183567876566
0.5560632251691142
0.7677909904699098
0.671517911801178
0.9515866020972471
0.5843661853252663
0.7559637611991755
0.7282413618354142
0.3975617782388918
0.8874382665383973
0.8284629458545599
0.13405771290957125
0.2187268792261513
0.564221009273648
0.8173602621687058
0.11444384701694177
0.19490430444490614
0.25024886860630613
0.7936716045520132
0.20958400777528752
0.46435585227849696
0.03830331852311575
0.015646708856875025
0.39432245084370365
0.22706307124899638
0.5534083495854176
0.11313725771034489
0.408412181503064
0.3152654577336961
0.8589745666507664
0.625450203134665
0.28566809625439293
0.6589076224839414
0.5029354771341958
0.8877793391077273
0.4852324641556076
0.3258729818744399
0.07500691081947464
0.7311004101837065
0.015634032751797422
0.9725577634694489
0.044408470032216485
0.38360869988009205
0.31599870875189473
0.5495717012901375
0.4488498430569039
0.590993182618717
0.6896541885122474
0.3378011676322611
0.8667830928920752
0.9083521090347615
0.31028555255861
0.9940659031548574
0.17568797458618035
0.4234197030697111
0.700684446953336
0.2494859690339617
0.7409405867925437
0.6340224469744418
0.8372404140407435
0.9558403542441349
0.4684504978215227
0.9314371691160932
0.28894336996962144
0.15118239100789577
0.05386809771247281
0.5909946741761855
0.3093350463580141
0.26438718793253146
0.6335313243983789
0.8512050991637127
0.03950775542644813
0.804704589584226
0.22916649035822423
0.3651739731334609
0.1711337134595582
0.07622912631417733
0.48204147370165085
0.46339291763349577
0.43098182405156804
0.7394037508961133
0.6855284138048625
0.4684518054316753
0.1270878605700546
0.860972267140373
0.16367390251488423
0.399683714688406
0.2979931419899343
0.7215031318980103
0.8204339736412478
0.3656207515670621
0.6711377224217797
0.3195244244423714
0.5294979862058675
0.6807144166209741
0.8061073486209548
0.6593276119962821
0.5861391145142705
0.00829198904875661
0.4595887855858014
0.9775708256478465
0.3801765111351959
0.35539270260915734
0.7917902613451046
0.11383225187946377
0.9071048879941714
0.5889269655805158
0.7551265833992786
0.8067326377266225
0.07275013376313211
0.591485086774584
0.13666200939750273
0.076473369142255
0.8438476052265378
0.8101051297285448
0.558132193370256
0.21619802592825688
0.6218743783132744
0.9657980720103982
0.9021841407307086
0.20318736454321662
0.30447023396841044
0.878098269396892
0.3285423169442221
0.3004580970156625
0.22822733069199275
0.09790400357168272
0.17402936773116295
0.781032538006611
0.37954343818795433
0.4822922735242885
0.643034244527632
0.7080587094733402
0.3451825979091391
0.1141114664892493
0.8088126078569058
0.5666030766538597
0.5279638137134981
0.4603954882910474
0.2501022011131392
0.16676910568707404
0.433599163092077
0.737952966004801
0.7910120148525679
0.6254734954506057
0.3852324272727591
0.9559896288272568
0.5121592251211678
0.048247087739386796
0.09177404980260462
0.8571301674375882
0.7503810773015821
0.4837516813607512
0.6248899693817164
0.4516396242181824
0.5246375751500898
0.4314919583027538
0.7754102584987349
0.9259222328786092
0.6116586781370866
0.17712475834931862
0.7300989144836275
0.5476613737791527
0.03370393166416641
0.8289904862166135
0.5374442161120618
0.6235826182241666
0.8009212495825069
0.36783380042139224
0.2675643191057112
0.7482997785411617
0.5789326737846069
0.7865209500265861
0.47887772410319807
0.1288385366485406
0.1939008973079559
0.825957486801672
0.5527413060127658
0.24356356435439286
0.7014365174829462
0.34190575137446266
0.2167485915081251
0.8548262468196871
0.05397095101620075
0.25654195617837483
0.038671287819047495
0.5096018577029526
0.5958786496006168
0.9064092802358908
0.046056857652945093
0.4832139674815289
0.9260369448624973
0.267943568471134
0.8313926712280276
0.20486323828217323
0.17142913073396548
0.5696622753812411
0.449514768332687
0.10225120124544196
0.03587199251087492
0.8455015903634263
0.94461110303878
0.23423048113865286
0.07268111542797773
0.31072405880739806
0.8570992597888217
0.6945319739290091
0.35719789293903026
0.32430063388367514
0.1976070202387541
0.7618601250945658
0.08902961157332334
0.12409963928043333
0.6125106729498232
0.3018341735829225
0.8221021671334865
0.1373946254334547
0.9950129098476838
0.7695902667586445
0.015822104960636407
0.20388384861428976
0.4528382957089322
0.6246973066808683
0.32409391052223624
0.6055456539952909
0.7095377551655915
0.3130199932956722
0.9779726562518318
0.8686372237838023
0.0482002469916929
0.5144084972676796
0.42384334488596953
0.8638053547330208
0.051494338450706834
0.3857139704259024
0.5596765528498316
0.048701197614290925
0.18135241258964485
0.11099128822359283
0.1676628275237989
0.49125886834928423
0.9400750155781445
0.1725805762601812
0.22197359682838513
0.08109319758718081
0.7439788244079331
0.23841578400519492
0.51925141650035
0.7529534671381782
0.5419155016985301
0.00919091057971122
0.1767054194850235
0.850018539443694
0.010020895745745384
0.6041532689730962
0.10356259457390604
0.16271907863261892
0.22589106769441136
0.9751588288294469
0.7716060687662308
0.012251928532772904
0.42285947593996553
0.542827465472915
0.6817285027964196
0.39523799582042496
0.29099401474955344
0.7849445241689178
0.6874795958543273
0.6539971245794374
0.6362403578674768
0.9554346307925107
0.5313149933069239
0.8896837505242435
0.2050694614004691
0.872382041291132
0.3009582435672158
0.26747489577072603
0.6677007220639194
0.15121463512236288
0.01899994222221102
0.604128636332244
0.5512681511207497
0.472727623494519
0.8617949963603504
0.42019702609496234
0.986305197723475
0.3559235016067933
0.48715524057738013
0.16792677471787776
0.8704278628304927
0.078228303514991
0.5297256099752093
0.9319882467092029
0.8122244983935658
0.9830855025701773
0.4575067268321853
0.29241467612775407
0.9410631196204048
0.8027441292944396
0.11056370581798847
0.5581697327038115
0.9846227285106894
0.7766221042317729
0.607743062314224
0.5501036900236788
0.9781857352954694
0.016297314272226693
0.05340610998471662
0.3899425821994027
0.05687493683068956
0.5110393674531151
0.1318926446868336
0.3356788981558677
0.25921318220356515
0.43692938598416997
0.2961951036468834
0.6494214866240012
0.5298987093257781
0.15402530600399333
0.24342638607020617
0.04130642598812273
0.6228978976469662
0.25134512768047834
0.7965228532655259
0.5183945272188679
0.5947320574664271
0.03475282718072259
0.1714475419226038
0.5078622478030328
0.7664615032458505
0.2668772701572193
0.6265016620994185
0.4161496532142984
0.46812991198209863
0.003330754041522277
0.034086398952740904
0.13152662535081028
0.7346179419844182
0.9369510812424745
0.06987050063724509
0.8503880520876393
0.713351844682769
0.2893011547989408
0.41563237544345
0.48359703421446765
0.887707726190011
0.19671777185448358
0.5065195333794982
0.85084778282507
0.1272489295666226
0.6571124699161823
0.28225709272414146
0.5151636489096116
0.2615448751447427
0.5647166069006279
0.5521337489343234
0.15071454677259788
0.9783269793132672
0.49744862480843377
0.6537618273147153
0.5907745539166339
0.31964261168493047
0.046592851007570046
0.6249718730927665
0.3944523535377915
0.8136100606450923
0.5607356423750236
0.3708954940019348
0.6939850581492989
0.050834184033641816
0.06218179541809532
0.3335895608423186
0.557567357052688
0.18880381418149328
0.3314074803540812
0.6314664764296932
0.892141931241852
0.2757992279068934
0.94904542754495
0.030790791333247358
0.8022803839531162
0.015990969835158908
0.2626528313585169
0.8226758765234097
0.4733359868081921
0.5502740767720773
0.2700909327314408
0.4343511849778391
0.2639298459829814
0.5962289362638943
0.15734271547479695
0.47259731395641547
0.3608451733935967
0.9960771429444827
0.5138241948877251
0.8479560029509285
0.9301816179453378
0.8432508580845358
0.7552029781969719
0.19447071165556706
0.3140411792776676
0.7230450322145745
0.9272147801536262
0.6871956939492941
0.6103066019247604
0.025308242860093477
0.751114250238551
0.041273439275093415
0.054680754229351924
0.9193476564752192
0.47403051831750254
0.5398469671611704
0.7895307061691288
0.2511833615974747
0.024879953375180675
0.8392779070075194
0.2683291933992896
0.8799667718862773
0.44404854124344495
0.3254440366192858
0.8301717105518741
0.12449580868910715
0.9991165172354624
0.8977417181101192
0.2308214070419664
0.28447789893446096
0.05536031190203039
0.37555985649071777
0.4527199577380029
0.010164400873752255
0.08347594820974291
0.8123040621500891
0.9551905007795597
0.6268263279527551
0.8695900136078458
0.02831915436502208
0.018406985718339763
0.6130422734507368
0.3023157126330528
0.8085785412543464
0.49113528235090953
0.6744664681852148
0.26283135958866455
0.031603738484533905
0.6130627385980332
0.07193330467160586
0.3450490538240796
0.9927734596684322
0.986613173634762
0.2784365614981924
0.1251682416337433
0.7429752637962991
0.8077199769237012
0.3070504193910062
0.9440822572195516
0.6486790969340225
0.6251060031446584
0.8385596250951306
0.29727378229041923
0.30308736941242664
0.8406633531499211
0.20121289661746866
0.9842563401898997
0.9685003824042716
0.8533304404122275
0.47268416831721327
0.5565284053045658
0.6345265073311248
0.008220921691426408
0.22421776447566777
0.4373615538322122
0.1251476395592046
0.8549006694729916
0.43121456816515924
0.18208557189033525
0.6717056609933695
0.5826905578404035
0.2591727624118405
0.6423139872493262
0.981108859929638
0.9137475136758278
0.4239923173369812
0.19284937996671103
0.22301228994160704
0.6667373224597146
0.8885191197500687
0.20922460852588132
0.6169763896229408
0.31907823173100625
0.5476562102507171
0.36406538334573113
0.2762905097901335
0.44200384504548407
0.6271517062669741
0.919280203357154
0.2886053409165359
0.803042843510998
0.6084344922126177
0.5824763619113902
0.4223990296355107
0.6523258277254343
0.8841363515480546
0.5968060596034196
0.9674806489115657
0.08000763451303738
0.2538936123271516
0.602782560286666
0.03342663981017857
0.6079610406580804
0.2664553797898147
0.4567076900251623
0.9778453111639015
0.4582243335414886
0.02610036965404028
0.7624565563314549
0.14224778757963108
0.5540215594462697
0.9374262887973456
0.28334834766089023
0.08138507529090988
0.8263800486675278
0.5869170992354343
0.8515348422058479
0.23620032676783342
0.7230028239554156
0.7257943883431534
0.6502107586314527
0.5778369087623904
0.5733872544226676
0.02359969670504669
0.5389972291897738
0.5412134682144406
0.8500559341964012
0.9102322233585263
0.21042422152182805
0.9456787808221144
0.41001571933191305
0.6827638770863613
0.19047292744862165
0.026014963222557363
0.4763123484109243
0.7178941423781501
0.6162412323512567
0.2938789824128528
0.09567701708047949
0.4690796157817949
0.5339919936916875
0.7748848595632811
0.03250642751149324
0.6973296236559694
0.04315772847078492
0.7614463473889337
0.8249699575732407
0.7749078008710155
0.6717953128896393
0.1250611916291463
0.5435589511430963
0.27764692431444016
0.1658513379647728
0.892870507974268
0.5769924702829806
0.3730099076987953
0.3411320626564378
0.45985950878326787
0.4113450010561245
0.6377556376592278
0.820571860828123
0.13530513033368685
0.048755946671075745
0.3431869123602629
0.27785908971089845
0.10612986333205998
0.7881859776819986
0.07157388433284972
0.17369561105478237
0.9295931445267531
0.22193547354417464
0.599837954058978
0.26396185693142526
0.2981776990316817
0.2571180236014513
0.551931331757552
0.8229034623280461
0.4753945712843486
0.2818233891540233
0.2561003675053609
0.7413733634330166
0.40601283267913024
0.5895428920678886
0.8978476572276956
0.9576191455692074
0.20216015669320264
0.24122274206850336
0.45462507584348855
0.5575545258273986
0.5704167387066549
0.1007469610530849
0.38132524940513013
0.5470755034796485
0.7785893448579622
0.07488096314565718
0.2505305113833616
0.34182332342978516
0.4767530637291506
0.25051693704606826
0.6872342732359714
0.8243117900647623
0.7885592003491609
0.6329805455809915
0.78769641772971
0.36552102955484145
0.7882634603687738
0.36348127046004375
0.29065418622258954
0.14258745622808788
0.7778392849077377
0.9183424557976086
0.449533466317394
0.7624466387793597
0.2920295311551455
0.2340879891825286
0.11339488408301368
0.530676832938541
0.4305789492453058
0.08037133896883919
0.06476202959527344
0.44410927834352865
0.041706777828052766
0.011448179613217868
0.8242807763136167
0.5336279644895631
0.9986186866612142
0.010868479356210603
0.2430557233813302
0.5027120025046136
0.402176468237299
0.08748701039557716
0.6401450402301891
0.020214514420821894
0.6351032946375063
0.5249469246567909
0.51699063147245
0.4773685198623403
0.22410540146668467
0.9339568772609271
0.7510341109012088
0.7121574680436159
0.23460366979375757
0.4236017956869851
0.8452563932609912
0.4340471436729757
0.4216927357200232
0.22595048001482543
0.7656873949399385
0.16239227437241632
0.03914476500119457
0.4360419932506743
0.6275743798117401
0.5183471153358783
0.18240939566369452
0.18974982446450905
0.6996524730006486
0.14479148593058844
0.7859090056106134
0.23668578063363888
0.8674986098961045
0.9531911265713693
0.5946853900445559
0.275944339154237
0.03253087533947463
0.8683485334897306
0.06241640723737363
0.4039976350675757
0.6454843214049834
0.4307212421752018
0.815695710737973
0.09573214510802985
0.4767458351207764
0.7882610981802928
0.13061160286747397
0.896281287762759
0.3968731650528333
0.5437487907752757
0.08481551487960337
0.10214517473183715
0.1389589547986343
0.8141493237981194
0.10147462415294917
0.046348311332225056
0.8680951332616378
0.6368991663433717
0.8095397058176425
0.00392959851350827
0.9236500661682701
0.3309697695787942
0.7281637071085628
0.8893705044603357
0.1824743453510117
0.18841015318788468
0.7575338139588612
0.08857121099798038
0.742789462210856
0.6157807213653382
0.05373681842495148
0.31746037810686223
0.906980713674387
0.21295095086100546
0.1651815074698102
0.05890466055171051
0.6816025852331569
0.47604935562542305
0.9184164062030216
0.19668030300633532
0.8582727284482383
0.7689564142864895
0.7764852306322582
0.10189841391149024
0.20780892302987086
0.46216154871895065
0.5405680030670134
0.7032776034426209
0.24459191254983204
0.6476413855810285
0.8731417801406229
0.6097273785978758
0.5691714245449496
0.5607379042398051
0.4360682010854411
0.5880137436184525
0.12212512005637288
0.650519493077065
0.5342539098389865
0.383557458674999
0.9150447162349046
0.03363378579025689
0.18277787672159074
0.30636435011525187
0.7545393377236028
0.32054600467566585
0.7025400228916722
0.03900283486468126
0.47451804743994797
0.30582312637034226
0.08054555679125763
0.5817725925475455
0.5768308704932436
0.1098881192319483
0.012862658574656738
0.29843293743448274
0.5641279354352445
0.7818891718714338
0.6156240960876798
0.29627886985862284
0.926236022164247
0.412255362641999
0.3781879468300682
0.8685785723258999
0.6919398267500159
0.651648642571642
0.4296302991838148
0.9504557997839268
0.5589623903011234
0.6419244054818382
0.6720143275913049
0.7299312804310971
0.41329977055114187
0.6789962356494824
0.8120062715738555
0.7233476988310124
0.4498312851913907
0.5719623926025338
0.7888850736133183
0.44155765621418486
0.4522091830243662
0.2955759120129883
0.38267284117186273
0.4789563947725084
0.4960765003989769
0.8799706466553194
0.2642981742561811
0.8160985891950198
0.19231766223209956
0.6726127730090362
0.4994479506898153
0.21949732217793028
0.757045665141192
0.7595952727044816
0.7507576951349927
0.22357482033229903
0.741940975771183
0.9957351320572824
0.28770371593311816
0.5326536041504916
0.4095679124758653
0.3389760755911141
0.3209963801443452
0.4497828844844013
0.739975171739197
0.6721413383686021
0.37177681189171663
0.43168969326611795
0.6497944231660845
0.09833519050185047
0.2849169794121761
0.6868859799880128
0.10765282440429913
0.8695635670455206
0.03182022296682541
0.22769157396667683
0.45519617913128607
0.9659828847522626
0.2875833227761575
0.3330842664724891
0.7351814887915289
0.7751295110796143
0.879561190918219
0.10367793918244017
0.6074523800103152
0.13181945979649712
0.5484455150524179
0.11105770722720476
0.14460023401308186
0.8549371407092639
0.889157789842
0.813528529766031
0.6805118165336199
0.8293749081030755
0.6658882607559624
0.5908895149990631
0.016080671607578423
0.040759147000286045
0.12153505781314822
0.13203396273000623
0.3002465682911216
0.29717758553960605
0.7036534723979906
0.8767577318894236
0.13597940917776985
0.9869193289784561
0.5510849807783414
0.19836482194321625
0.3356267760095655
0.5571146120221023
0.06579530537613754
0.5979249686238631
0.5093753748360232
0.3517919995718054
0.8197403230387038
0.4533645066313211
0.42678452479517337
0.8018817548251855
0.41804418459050685
0.8672168810733497
0.705327675827304
0.4606316419784118
0.8194571827268504
0.07148137828260348
0.14059745936100387
0.7388691595111688
0.8455480172205203
0.966226424799348
0.38810927507315185
0.028940246966056127
0.2712754987744759
0.13668195873363242
0.8904142608062259
0.5073769917915094
0.26857693077628286
0.5899070322440908
0.39820311004504627
0.7071912125587091
0.1446231062458576
0.15004386799986846
0.5749011513844028
0.15199729238726245
0.9392040681747998
0.8721135547367792
0.7255664448857515
0.9605319512085222
0.738315007289413
0.7950348710792619
0.7403706290064375
0.5773993378789861
0.5081934635716929
0.3532174388162457
0.10119092728713441
0.24142255990378747
0.5325936582001116
0.884075394466471
0.9337866017085455
0.8254950248347895
0.3097670364394256
0.834744313683161
0.7311558394499519
0.3771652949049388
0.8068380819004135
0.8231356766038632
0.8851669580831591
0.21143184898847722
0.7888183856264659
0.059327072698990624
0.8809375057777952
0.2442286400311693
0.5663387201638462
0.6568304434428195
0.7854859141004611
0.20073284178024897
0.1256389529274784
0.4189400593176815
0.8380072501388967
0.2338594718148811
0.13252471275998623
0.5523213520619398
0.0054828712446715056
0.3956052954430921
0.03907055244500435
0.646527055509409
0.9757660221016451
0.07901553003440775
0.9163057597303822
0.16366677412799358
0.1675729212997259
0.2524172290896509
0.6238863594319236
0.4868235773626596
0.23263356433154037
0.2938118094948323
0.19386963772464572
0.3090142909413469
0.2099555477234456
0.8250088166511176
0.9643045168932727
0.5327297525276193
0.48999325673727456
0.7540673762975995
0.5970396162326405
0.3049852584643743
0.7218294107735259
0.7565164838062207
0.5993695915867521
