0.7873218651999297
0.014851868494466403
0.5598717399808398
0.8018266856414206
0.15542586733195474
0.45997583842275036
0.9180790105023606
0.32866294111546945
0.3133843298760093
0.947717409235213
0.5884726087683843
0.7246612564786424
0.1385006918340107
0.4782387360475988
0.47580337217515134
0.907923305104302
0.029202643204253587
0.9895796016571099
0.32390203626625014
0.9102401201419202
0.46470432322620503
0.41392373485098377
0.9256274581543201
0.40135393258953567
0.7870912361390153
0.24187983920544687
0.6135700132671781
0.3283093957117468
0.01814833670816529
0.05720839343403605
0.1941899579362084
0.6770849172672181
0.1508948577460989
0.27524827131064056
0.9410575628974636
0.47421829598996423
0.7388062648224445
0.19160203520922592
0.5055043120784931
0.5342250870668941
0.7006916706699999
0.8459624831769258
0.8550440875695935
0.7054305985652568
0.7607616648116529
0.26302956139783484
0.8035805799628368
0.13935951324679452
0.356681207579023
0.28137992871991646
0.1961304746762511
0.14514880787400064
0.5805517416552431
0.08221739114358162
0.8491905722241685
0.13476862598010408
0.28607703207588386
0.22420505139760094
0.9520251269175255
0.9629676387028613
0.10215794961646774
0.20511284789078155
0.7135800376006544
0.03656226421772846
0.37332164529530265
0.5118922972090724
0.25848420973356145
0.8390015538985812
0.9469690881162388
0.16440034712605
0.41375615630039464
0.8846767013906193
0.09836001919622539
0.9498485506183478
0.25813601206473447
0.7622110588987154
0.13426303810040574
0.15131025063101478
0.6090774340009644
0.2494147706858454
0.7964532880494621
0.38683275134672646
0.41202866386796144
0.9763828483973033
0.4930419220512382
0.813208472087833
0.8832346235225008
0.711688454954308
0.25719533527793104
0.7590418559540207
0.39230668018029813
0.48090370547805183
0.9024862856061688
0.6923483940005131
0.3941800083760352
0.415573188432542
0.16966750828108068
0.8858849167404242
0.43086726695676425
0.5272058065587495
0.488765752405264
0.5791985015134228
0.4126566840883277
0.8256653445170875
0.1791699060432852
0.17858056720756743
0.045762795447540694
0.19528930526083832
0.1526124000022797
0.5695744335847831
0.7665417843625111
0.06898789969908103
0.2737771072421782
0.362214280788941
0.7188264179391969
0.9889475494631096
0.806442998832616
0.6482680093985518
0.7176933531833305
0.01073510383414178
0.8428441822662185
0.15573152160667314
0.22066400739965386
0.5853198002876729
0.38677837148919103
0.11501932183485486
0.6339027434438852
0.45068048827103524
0.9418701867538598
0.6214653442060746
0.858845018371045
0.44130618971762026
0.8611509428066397
0.8197473311315774
0.25752797787983484
0.3166781088489983
0.8112194498377822
0.8527611171642324
0.045871259344360205
0.4554382404229219
0.581227680747446
0.7743176981595771
0.685626346174708
0.7791606663195435
0.630670304383631
0.6155121484364086
0.9752003656849964
0.22471086299229126
0.3277864937069652
0.565870977593728
0.6637839825690494
0.4372615996996787
0.2771038044945118
0.018780127283566483
0.12472571580388914
0.7176676288300563
0.9159631543422622
0.7820947721830076
0.8768524305975642
0.8686684739913353
0.6622285724208629
0.8630612047092198
0.02783216931482979
0.5601315094834636
0.7884519087805029
0.7604650363426557
0.2372336530008764
0.015030913674408453
0.3515308081803775
0.6544582633580409
0.5050196823764256
0.031056872916309763
0.538055636778575
0.7883520419362341
0.31520869520579475
0.24159477595146572
0.7919810906418973
0.12216540835360146
0.014680837040758177
0.15318488233294048
0.884368146207081
0.8512536106219147
0.06319283227933015
0.06575165986814957
0.8424976824357984
0.8117680856304132
0.9592206672267645
0.41454784963164226
0.6687218367941542
0.22570104673272906
0.6890850253365595
0.2581872625857592
0.9654829556553564
0.38325308795934465
0.32805631419551384
0.09891016092733207
0.7791274385686312
0.6563218694538455
0.4543236627642636
0.282909005930598
0.6311544472006819
0.3345805438284697
0.8237330586605319
0.5039159188685195
0.36111172002130576
0.4798514499789638
0.368724085194705
0.22897513237006772
0.572282465406083
0.13694462155785214
0.9461768989822856
0.7047665070273668
0.3043330171185994
0.9664328492805174
0.6362934846763146
0.025490623198987428
0.22725700526564707
0.5545557341008324
0.5484160333035402
0.7591225298553602
0.5155967972964841
0.7088959437447744
0.8371101781874272
0.597446921175654
0.09025004021186156
0.5251640225681068
0.37358482688185546
0.845352057524271
0.34076211436779724
0.725667657499416
0.11803119820476016
0.2577336203210723
0.3638596500560899
0.4337727528093379
0.7457826785597843
0.5982090615420369
0.5663192933120915
0.20691753886816522
0.9855456268209047
0.9622382444121375
0.30946694214152914
0.6472128594921304
0.3872684703387361
0.6919462505015752
0.33622666746274643
0.3186063112524541
0.16817313826940028
0.34942316707406684
0.7901937665139928
0.31357360896693165
0.14160339950298617
0.5446435915073826
0.511651535870077
0.262346544742564
0.6102901479061471
0.3012519000049234
0.5252402120627975
0.9643512787518922
0.7178153386403422
0.6800629470665689
0.9300239245100492
0.05714720270665097
0.7332204777411552
0.37931459503401377
0.2749602429110909
0.6276358620857841
0.6411943293014664
0.1767320500640629
0.2975957795739982
0.0764763882844901
0.5499800490904686
0.7295792758975076
0.1480836287208217
0.6565463889522352
0.6896705938582295
0.5122259693153762
0.3584391280936119
0.14334214675844226
0.10890275126395388
0.19480888888081405
0.9655367279077495
0.6117447914249963
0.5676655758597622
0.30474445186590293
0.5126112722569715
0.13401698414098517
0.8890845434255582
0.4085626409025709
0.4248831715914363
0.6447253540979141
0.8979322886343045
0.9056465927615059
0.3538907916483476
0.9452918616606568
0.6949086917500377
0.8460071653331579
0.6266323952651112
0.6366762810483606
0.39415685372011944
0.721260196431998
0.7545375254188604
0.31117509648515307
0.555010179697855
0.9321667948694526
0.9186583266670815
0.8396788590519288
0.05427970158204076
0.6455702148574943
0.8459828303372001
0.26435288164787296
0.5754912467592602
0.9277397492127518
0.48259585318547316
0.9254269578075979
0.9450650936410472
0.7904964767810486
0.4551827080037951
0.04161933593989686
0.26465848453845453
0.5008123199624467
0.09379018902773828
0.6085009786466684
0.6871215074137995
0.6080315206577529
0.8265471741744131
0.048708115798660634
0.6183107513401904
0.9027228449583851
0.9532613351561152
0.2120715020706675
0.5932912286485521
0.410158920107753
0.7284744565762634
0.07482153241325606
0.49204527558974764
0.3722107539046067
0.7601044282198274
0.5657311711789393
0.5742877704280765
0.9136127829579411
0.11331195505745673
0.6696816738360493
0.46350216884559803
0.23886366522994684
0.5617698727404196
0.2153886944901695
0.16326397088770972
0.23812654740745332
0.1104650668541306
0.09968111594711271
0.01199997212204229
0.8878894919142337
0.5639140521222821
0.711250466989739
0.5051463814534334
0.48529116065044475
0.01886378219000262
0.053122526710036144
0.05874513133602499
0.7223158042232476
0.34682856698689535
0.7584072978667774
0.5840041960001219
0.8818815854449958
0.9529895802349234
0.510518526921208
0.3199743589958636
0.5418523113088219
0.259044525210157
0.0557821678663164
0.31760499670640885
0.06538700359946126
0.2075627272261218
0.07420880120199014
0.21212316657582753
0.9716168208751167
0.9991986670233729
0.888819822128362
0.0026719345937125105
0.9940177204980691
0.5677021676170345
0.999048784003185
0.917337465169085
0.11851563958214595
0.19149068139699843
0.14681276253111308
0.027428750068450025
0.38972443830406234
0.5078272124880422
0.4531060477212513
0.38058469476109447
0.6443345282256333
0.5772148824404861
0.31499441090491753
0.8011159841063434
0.2050099100665721
0.6785539943038756
0.34663711403751296
0.9259023224309534
0.33295407082034567
0.019937646776215456
0.3114648677760642
0.9987880264398631
0.634796979945307
0.7002458542924911
0.673721415159206
0.11173460535560731
0.48783104532501853
0.8459791624392994
0.9649843218126648
0.972997224952385
0.41829066762648237
0.8886531894200713
0.9109760105786351
0.46845634814870263
0.3129632428596404
0.3976881697771746
0.17493476738381597
0.2940425532694886
0.0501530430827275
0.6907498064644284
0.6671414062807017
0.7335619194159123
0.7474217776705968
0.5115468798203071
0.4854455175180663
0.08715028248722423
0.3687943514520451
0.33239945415178074
0.8600339556457985
0.029031697862351824
0.9123897935738148
0.8806892776842478
0.13643323466609691
0.2386316624018613
0.48005084261161
0.28230073818626167
0.632104395416211
0.20781689190956232
0.21500819132452087
0.17002353061212006
0.3434864601152148
0.8132265383878033
0.07376134741568352
0.3760445132446162
0.9322572499062368
0.20353295262076032
0.26420208114469146
0.7041359401737457
0.18629208631898808
0.9728869553455347
0.6092732084333242
0.7918087808903223
0.15273790533518383
0.18907005858178438
0.47411415573259785
0.4980829016690853
0.802185473022654
0.24967699706681368
0.30422448546114356
0.992467368066278
0.788241036354308
0.8558951509188407
0.8578048041606473
0.9927335508765824
0.6300473620757414
0.006132556354078389
0.9765770096524566
0.20144309754831213
0.005590325987228528
0.10394416854618871
0.13497464889490818
0.7689616616662814
0.30044963093625077
0.615951395494981
0.18165693800235105
0.056057498173369025
0.10575675476000879
0.6470573269773253
0.10268051767058672
0.32472488941941013
0.9723646564831432
0.4603407069005313
0.42371894677469524
0.051795617171052966
0.373144550754118
0.017615656913586353
0.23830688078461015
0.9142186662120547
0.18420664958646837
0.9339490249283287
0.8569434046375569
0.3683186032810347
0.3043713905414037
0.07344077263571891
0.08617555818336498
0.3319575137571016
0.40245790985790675
0.37373413915104936
0.5270295107549243
0.18001153497899225
0.8478367352368186
0.5160238141804532
0.34875782176713865
0.07065525595058286
0.9984097154501479
0.12030617392971987
0.48842319647198273
0.22203038147366105
0.3089862997042818
0.6382931055936596
0.4005115729682601
0.030789622510987047
0.9779104290518279
0.9396572598876972
0.5129599375618941
0.1528011620601265
0.5799592566405803
0.9500575882298918
0.6125096760370164
0.4587557555117542
0.31915932848840944
0.7930380771793996
0.8556391442156579
0.7995395778681897
0.47898018230439
0.9929214609745927
0.5426308476468544
0.8979805699769021
0.17534114986562144
0.7221998067206578
0.45122514922382584
0.5792486341492005
0.15461355701507584
0.2783650862738565
0.8608497359673895
0.128112764180083
0.9282705490804568
0.8012453982818915
0.5892577114143871
0.665940270977737
0.7164554566560604
0.913261395671336
0.33779697956681654
0.39113990065011706
0.7756867262454396
0.5370819659152041
0.48764332678393074
0.2642706283637263
0.29848476849025685
0.5930864521771725
0.6713719193488724
0.8050131981245949
0.7482223651756236
0.792942893643457
0.5866565836823867
0.10038331632234643
0.09487311977654178
0.36336255490563796
0.7082755521009592
0.7943874723086622
0.3174674831705038
0.6979661704183925
0.2161793651973688
0.8862421958808464
0.026401143460577425
0.8676389360403997
0.7654454399273197
0.2560772125519494
0.9119214819313017
0.13601342049410192
0.6613361201021393
0.42603187949103594
0.3777451333632684
0.8428144043292923
0.3404116380247749
0.5904558841624953
0.7590629732085854
0.569846569085146
0.6025955705539393
0.16154130665930155
0.08661240199980003
0.28665974535521643
0.5466476549637884
0.18188201103328072
0.499179524631173
0.46417275741687414
0.7693847518361807
0.3897162200676476
0.9461282572777113
0.2910130664601731
0.6544887437778875
0.866398982700348
0.34937283244912043
0.6092532615642873
0.08873847312167049
0.42651042056240096
0.4464731533134556
0.12940524800149855
0.5882118744125068
0.7311595391949232
0.8222922165436355
0.4879655877918534
0.9334218176332981
0.034929014439771366
0.1123328112235783
0.7382383614206361
0.11407841444711964
0.877075570936921
0.05618931273750338
0.5516213621348385
0.2775438609733346
0.1716330659521631
0.75863238863035
0.8959768841381134
0.1451829797730555
0.7795208979775118
0.021508153285781373
0.10765774154666086
0.07981146858189925
0.6341505953488105
0.731034702110804
0.820156981885483
0.4673685898139317
0.5137825812979889
0.9031144521852158
0.36776093982617974
0.9453730353959938
0.32458235895848164
0.3332768554863196
0.2021888837099941
0.9754774756105024
0.9723616124873491
0.444829957960163
0.13973813635601495
0.263570435499929
0.07906321017827134
0.2252567033951336
0.3603660972303844
0.2955679624737645
0.9985791393117854
0.3223891477393813
0.12695335403417274
0.15223480260430344
0.2721667698091449
0.9673556471360578
0.6100569912755155
0.5032053083683597
0.13827169239478176
0.17633765186964467
0.2809665459204782
0.9205956518816769
0.3071548188413935
0.23150869185524137
0.9227102018920295
0.587606294468863
0.8269501966671811
0.5135150289953917
0.300408740903775
0.23124162757757383
0.5328407288199243
0.2948204261711137
0.9240583325801612
0.3228056583100487
0.622698229837373
0.34869648101694983
0.8740677065717097
0.6115616756499804
0.7840978923995622
0.21391501464193907
0.9431523427592116
0.30998064164012085
0.806740833745425
0.28847602861640453
0.5721101513458166
0.8160073924662666
0.2163815333063106
0.9175486370108745
0.9578597984879195
0.6294349416670688
0.2768588346758618
0.8205667415219976
0.9504916568924391
0.6777368323690686
0.5484522288762269
0.3815391761656819
0.4603595799796174
0.8734247281145998
0.23602029104891298
0.7875746294959926
0.5010435584322736
0.35527104763829476
0.6246071601625927
0.1750683523156844
0.8771467763482372
0.12265576826444335
0.04168402302467711
0.5148036523325328
0.099955461697399
0.6639785685598961
0.780814467947279
0.9475313936118418
0.9009640172877064
0.23338749863691632
0.22521752675986295
0.8662830216428116
0.025467092092676613
0.7936891818314565
0.07209935950365065
0.21552033878455978
0.20001271281494037
0.6951202992432461
0.5906777759582755
0.5125362741130559
0.036938066736464714
0.4769073373902891
0.22638436379635818
0.6306337051856021
0.3050619133748934
0.33407869747149976
0.282669698151499
0.843180476782188
0.8504771683486785
0.7278161177086334
0.2682910649806972
0.37293899065437996
0.8853843324419518
0.43875089096577524
0.850498721364337
0.5944210620101699
0.46917219396160237
0.1447720484692152
0.594172561907585
0.9087799736547846
0.12181600304258222
0.43817055670041594
0.18868510218762435
0.9477294285844687
0.5430129936633717
0.2224617897861284
0.1597868980682694
0.9844063994068563
0.2748228380072051
0.06816273384367222
0.942045416880677
0.6673611138370972
0.41417123107802967
0.9400216840253178
0.6356124710311045
0.5370408195118023
0.46593672278066467
0.31991756661713955
0.35084407160282904
0.6303828894819444
0.15286089753649468
0.6169589061608891
0.4244006531188331
0.718923345368959
0.12010719186622953
0.5915438313527385
0.30631851729063286
0.6304291110660101
0.8094673270891405
0.6962896158748091
0.09788413691483733
0.8778711726749281
0.23747578951573323
0.7280494845476603
0.9242859641451515
0.8879373824820431
0.6649630230914937
0.7588869727267614
0.04219361028271795
0.01929072968255885
0.7424245646181019
0.4581298187709101
0.920153376946119
0.8323336406276284
0.0027677488253542437
0.10278087481298892
0.13752732543544866
0.9157541425876017
0.012802579424740279
0.8137877555441446
0.5848741680933504
0.6046700883690739
0.9007057093046893
0.5655145703022546
0.67619770889131
0.02190050422229195
0.44761687208456835
0.9953978601180983
0.05774783072497158
0.8447103374630489
0.636526336502165
0.07375465052348906
0.7425406757645817
0.5392855367992615
0.5632066402631383
0.7578518607681348
0.5998054971790108
0.10444266177318695
0.15270193484615813
0.7955660846188539
0.6212324090866786
0.3371554233477493
0.865241552264635
0.013213593027372239
0.5846443539433227
0.8306107292811401
0.639971245348843
0.36510130195442514
0.4620718502047205
0.15391748955189677
0.3791693979769476
0.17877218448479282
0.08996450317367843
0.5463358134002904
0.24551226233141354
0.5061440291796323
0.0004592268335137373
0.06483602229083851
0.10405664292788552
0.2139260119802806
0.6533812200259868
0.9329762709622839
0.4007502336198413
0.6778663897901275
0.6292424328589209
0.5741158566087597
0.8284604916991071
0.22046041664368987
0.3500965289566741
0.48096687797227256
0.8939618391095897
0.8655457898713679
0.5669975967270241
0.10902768919908323
0.7192199930416305
0.8934587642259413
0.8722797905637457
0.167720318969669
0.1833814112309481
0.4001361062633727
0.67405220670659
0.8177101495494887
0.677119370121822
0.5313191745893687
0.8235665028697017
0.9795537743563884
0.36068474755442337
0.8165565295970694
0.3790778407912305
0.06376426010420944
0.7268348484141959
0.6557481265773026
0.6601507023924235
0.9022743695025864
0.41294594106054694
0.047948548828704696
0.8648030913759421
0.32159494067068906
0.1279923908900118
0.3687425979132205
0.35036583983964775
0.8765108372414021
0.7687020424374377
0.19378192531117333
0.39905253158451814
0.0746588000530134
0.40935834740200916
0.9172832995325559
0.8084717334002816
0.47892921933515686
0.9748326161764083
0.37649511328926644
0.6399047455466627
0.6230082005246381
0.10171363058637883
0.735535467733834
0.963523418644159
0.5996720846753839
0.894468477587177
0.035414646860692955
0.7491329713405045
0.3903625692672098
0.6491947821098839
0.7112454397866572
0.8449220019145258
0.9683244932487589
0.9631733660551439
0.08445484773637424
0.3555766161153334
0.4351812943113582
0.639288208035511
0.5746127214848801
0.6996579348324153
0.5064650374722444
0.7510771648731955
0.29299263939184395
0.5938982652513669
0.1972646935289346
0.4933935571390131
0.04853498487732044
0.2758715657104064
0.5886825618632482
0.04434814144072008
0.1609987152875879
0.175716126156385
0.1229253574077559
0.16154036073032207
0.2855753509276644
0.35890438415238957
0.42164343761088596
0.08672618578161462
0.3580268083110829
0.6346642829243894
0.5415474510589255
0.23478940308446983
0.2662209109787068
0.6109576353536152
0.7757633430011796
0.6868827352408845
0.30476950616885246
0.02157978528655924
0.6495331374447879
0.7363471887015107
0.020994150633329767
0.34522405373278664
0.41244705227232914
0.7359110615310057
0.29604788781804015
0.933240375903019
0.5325227209250166
0.9203858484766655
0.6004049986976611
0.9656653289213109
0.30066897842986484
0.41817042882745936
0.04870104557036181
0.24573984411078043
0.8330095976006895
0.6342923660568854
0.9546793932729092
0.40603221064135275
0.7407595031840137
0.8699170930392729
0.07152842893739142
0.13756338950955238
0.1890796641254855
0.0921739695441437
0.3018087750949303
0.19823279484292355
0.6529455087293016
0.22537487971881887
0.7466372139313248
0.9389587100178441
0.5027081182875919
0.7761143572974621
0.8404217148488888
0.6488494355710387
0.7476967538857113
0.5780281226396045
0.20024367735899462
0.022125962111586905
0.7706127706824452
0.08961116839662997
0.8367788680817893
0.5679647718949423
0.3262510314085886
0.7844714763806632
0.5694565895987511
0.7081110555343114
0.4825159108067314
0.622603820825062
0.7487423843020004
0.8609993412912783
0.3808744430200992
0.5606266606606806
0.9192283513868493
0.7464910078885492
0.9375521335814906
0.9976689180678299
0.8358126455578846
0.880140438499105
0.9221368921929896
0.3753915759258496
0.26683799492627425
0.7755896706164109
0.10189616872837359
0.3340012578476337
0.9713922822300736
0.6994677328427977
0.41332428778097086
0.6861756631201439
0.7975575959266601
0.3795191948856822
0.9702211491648579
0.30635442212136277
0.7114488392313358
0.042725130972331216
0.20309733315341916
0.800844235177327
0.8038526768364737
0.20807049918978782
0.3199278746355313
0.5578000886353431
0.8215276569848066
0.8960951503709191
0.43407031854174305
0.48471391855115764
0.2714358514130544
0.9812822980419328
0.8764964905766017
0.5668149949290872
0.809388716681213
0.9332343678732217
0.6020590620637852
0.24723401819713875
0.26733287000797845
0.14319615835265442
0.2888330119604432
0.69354096504881
0.1344602559464111
0.346746946667975
0.2917368939843932
0.548031019591258
0.08997663414889134
0.44572178406730045
0.9351482576314486
0.6904434845117406
0.8128907410897755
0.7837292898516104
0.3228310180308748
0.9819842046348121
0.07604019340045776
0.034296608200217515
0.752576664674158
0.6567306264848903
0.9229751052977091
0.3288706210375054
0.5939043459151022
0.5852219090539866
0.02866874737207281
0.2902744605830012
0.773867721473912
0.43997638181275245
0.8638591507169041
0.1960001994042082
0.6317830696685313
0.1891912703890023
0.7932928545518035
0.7210998571569072
0.6985550330459711
0.46730916107010423
0.6146190085454928
0.4105258813388615
0.08011103265029584
0.5857827866076506
0.711532577820892
0.273053981163928
0.7159332864998325
0.33491106704908613
0.9741844377839436
0.2969292823656047
0.28843833361052096
0.16912196563196646
0.29095267698355753
0.7860001154112084
0.8550231077290079
0.46048597884048215
0.9183412353012352
0.46408802512446923
0.3940089355153584
0.48586952499267944
0.9889559365858152
0.32976998790582757
0.21984764219475694
0.03233006109164216
0.5528413905755055
0.6798319603147398
0.45303821866483585
0.3086030330797741
0.7382872377576045
0.08717516076551302
0.8606388757269763
0.12177817906007193
0.25258893931200455
0.31399911429827676
0.17472776131463597
0.42665573122453315
0.49514692342618327
0.08614564766814292
0.12443622213707684
0.27499091268070996
0.06836634830469235
0.7180784545416802
0.530595888260695
0.5800527818000751
0.3887101197621059
0.2321852980781156
0.3000753257681028
0.3268302553240928
0.02473692434550745
0.06110292864319811
0.04917952278625726
0.4134988928283163
0.41160584751520646
0.45836908864618264
0.7615543481938867
0.7585475702999231
0.032159452320380644
0.10030371781369074
0.19452415274310264
0.24079822161319153
0.07321474878389755
0.12241211883232517
0.9810108584652545
0.4943144540038128
0.2138300117269223
0.3814371937770761
0.4910821001113065
0.9593400882842664
0.2618252405385205
0.5956459766685158
0.478282664664315
0.5169935932393812
0.9221098236737187
0.34897757695443854
0.18364061050894587
0.048806368494013985
0.23277121087271657
0.20054469847001244
0.9137126246840792
0.38317235581672926
0.1486374690373523
0.7743362258722063
0.7886582764294211
0.5757754433434142
0.7799971633941064
0.6728386799865546
0.11758100438927177
0.3717060973955072
0.9827809021856593
0.01594770054696959
0.5094018219047599
0.2159894301745895
0.0024407691034504797
0.755102244989497
0.07066601200475142
0.6307907623756273
0.841273765035139
