0.783285474504951
0.7558787465052639
0.003347782731393245
0.19419333587457777
0.5609222105379411
0.5371110138104515
0.48962582178213343
0.9311299995458345
0.1629077443942497
0.9669249754743555
0.17043726749105914
0.004479143729376078
0.5038204617499098
0.8506084539458914
0.4777673506620136
0.4373622688687717
0.36543958574423174
0.0022620863247879708
0.6799383971509999
0.7334423107381843
0.7189043207681558
0.984055399205594
0.6169699881556434
0.34037131629523654
0.29772528687250643
0.4428477836917364
0.45479853545844573
0.5918976712489906
0.9354610135864755
0.3912613915600117
0.9617185097086224
0.7197608450664107
0.7208018362206284
0.4854312806777774
0.7998608554240322
0.48195349775332086
0.36311662048765114
0.6762625053940063
0.9150926505122059
0.8034029754757608
0.8145915955155021
0.3101997106306983
0.8543311178598996
0.08738837469452554
0.6044761976853406
0.579454888600358
0.6970037604823778
0.8866988135728805
0.8867041759085449
0.42058237516592323
0.3518567419074716
0.9371162379701283
0.6650287040554153
0.22650771949000525
0.7698397663379195
0.39208169256372283
0.3537756947909022
0.033329881631007696
0.8059546653518013
0.15263838417927322
0.43961234393713366
0.3762322085129507
0.9160125435977305
0.7820065553541241
0.2542922913567295
0.43952178045128176
0.33801071021956075
0.8033612560864003
0.579786344928029
0.5805079216764687
0.3187522859103804
0.301181864269095
0.1477443807718175
0.22750580790562713
0.9043902955889318
0.18417604716464775
0.7800770474485822
0.5694569369225323
0.7940976442229681
0.7478008981779641
0.8361459045325199
0.9951592840903611
0.9903838766866492
0.44935737351967886
0.8733890414149252
0.9794996612021936
0.19721981942797173
0.7421534818068041
0.4787735165180439
0.6489235680822742
0.8904442383046679
0.37263652277920545
0.5825619865105287
0.9766288454405155
0.10381872506112144
0.4531965701554779
0.10002219950390878
0.7677353777673301
0.03705914069226057
0.5256946824646732
0.6025417457623096
0.6337896053769618
0.7247206542519106
0.41646864539440975
0.0033950726227154338
0.9682110864737857
0.7152687760009968
0.35754940030423277
0.37262828039439555
0.6092289439656007
0.23022809838652813
0.7595091276323218
0.4649829064119474
0.8605474987558597
0.58407783794475
0.2396424465014042
0.8386164510231682
0.47112148125696607
0.8793467506918309
0.8624693587337005
0.5792369099148422
0.4671424132030473
0.97764832330324
0.1768826266484227
0.48631237912849334
0.8325787511908014
0.7130297953870682
0.21195277243502408
0.11709321700281661
0.6341248379387588
0.45326690808514836
0.9299773828606521
0.9728760053177637
0.2922366427887395
0.22477170311227646
0.13103643464378267
0.8558625992379271
0.9657562018592181
0.24020677173238503
0.14342729242490793
0.8926850563765716
0.9624196413314153
0.9349729786071481
0.5703270064830109
0.10326569765324356
0.5262078757472559
0.21143918677945295
0.44374005209660583
0.8896628800483559
0.5099228861998999
0.7482080354302211
0.8542787857946114
0.4397272528967322
0.4332887614959935
0.2518169772189479
0.06752546774702506
0.8029491600590768
0.5488102113806671
0.795346291214985
0.7460042311379184
0.40653723454731316
0.3020266088973327
0.046084108399031765
0.2424739370485226
0.018936450463560073
0.5796568486052449
0.7647461795460476
0.1830969031683456
0.23927538657074665
0.18101792249175253
0.7864483735107409
0.24786661351438877
0.5429687591291233
0.6092617793394868
0.9982511959497631
0.7270293651923275
0.07921286556188822
0.535908121323195
0.8449209232847357
0.18907052295112792
0.3144480630331742
0.2671426973491101
0.6144930659036273
0.5991997903042009
0.24363596456100445
0.6278385363190822
0.501557234812079
0.20081406731694829
0.7932941929509356
0.18131819603300403
0.0502428250146606
0.46455290583182574
0.1031935154289092
0.07720544543100716
0.5073989140097324
0.8632750529052746
0.7008168896861657
0.7618030935350744
0.8459529120597444
0.11242365569759605
0.6313711403827398
0.9100544179519972
0.7541487681672782
0.7389934790928722
0.1756321405018917
0.6233198474210546
0.6730896346509773
0.8681072452624007
0.14701575227856334
0.9224035912243344
0.34245684255076336
0.46235159202386966
0.4574901568748275
0.6556494646653782
0.8437468700796598
0.3555868764089375
0.13077650032554478
0.789347350598588
0.27712930698813687
0.6147356884252688
0.641124570285869
0.04713078564442741
0.9481074706981546
0.023639363228161847
0.44162239420200866
0.9536312782690655
0.9807233887609921
0.8709458621715762
0.8992700016986886
0.008199272332364393
0.9428738915104018
0.09999927674269704
0.781619583211374
0.6636188351655473
0.7157468513016532
0.10502395275232745
0.8867405776301422
0.8834150161968766
0.15745673949417682
0.8947640596491993
0.9008788766116184
0.17090866828577567
0.5811211577305213
0.23295677342426058
0.8033019207148333
0.8954085645228057
0.07114384127734419
0.844248294845354
0.2632057568509467
0.4735571999928918
0.21117476677101243
0.7415647996537418
0.3696222974384299
0.735693023801389
0.5225909801465654
0.05457701615663557
0.5562862901766958
0.8434790261562993
0.4468185710827477
0.5392753898290357
0.09967531493446857
0.3280143857696146
0.15143072687805492
0.10855801575871504
0.6742574983999926
0.09423402075112464
0.755698101456756
0.4216523061838473
0.5042804413989919
0.5641830754867623
0.7674835516532098
0.1732990765307275
0.9128650672366059
0.5378257996387366
0.727915856881605
0.29500386887361785
0.11712327986224391
0.5293573022722889
0.5318132663750063
0.8348348793331243
0.45102679565890513
0.07424589897537137
0.2837602891363139
0.4047810341776893
0.06744009689088615
0.884399710866518
0.5770023913173097
0.2952136691208589
0.6709499156546859
0.8087427214713082
0.9430427401652599
0.524757308315768
0.8455509764489737
0.10683046271205598
0.015300270949445971
0.47591511016908683
0.41773214931896807
0.9550493440681587
0.4351015436338952
0.6092129156763393
0.12682607596537054
0.2005678545413987
0.5936487678124673
0.5145098676271256
0.5603755261516347
0.7032125395316062
0.3572888610336524
0.29982276948718734
0.8133377033588319
0.47027960094178134
0.8370487801893202
0.06363338332226554
0.8830901593011836
0.8432938633779083
0.5476622991761109
0.8141364132268826
0.9972218921523256
0.9708028516834855
0.628051449608235
0.6116750228490524
0.3491426246857442
0.8324635948982818
0.7190704600991186
0.31506442833694537
0.6564638516804785
0.9792056654815303
0.06519915120374098
0.9971928870230462
0.8216356831894635
0.8024451156333475
0.025794003431743984
0.9305559039696275
0.8461872945769582
0.7574024401070327
0.5191447156831391
0.18264372528572104
0.8032512191283616
0.4095095071469371
0.07551967481282063
0.4633203750128789
0.24513727879797853
0.8643688376122421
0.33395207927013193
0.5200632830729796
0.6666153226438881
0.2345484787471519
0.5267919361888028
0.5016092778298024
0.7287545701489633
0.9058714527254498
0.5108367998561086
0.3466905658870274
0.27267151256764977
0.49511398952289376
0.8322411368709296
0.504415698958113
0.6502202732365775
0.7242435078337118
0.6228419979491413
0.7925457952222094
0.011669798268178266
0.237524021544259
0.502970706974052
0.07923310497982783
0.9050377217507485
0.9067196543265066
0.23994876278217758
0.6125351496956776
0.45931464401883293
0.6221581646032749
0.5344571766127594
0.9673881977214412
0.7326817521346809
0.9315447619372342
0.9107469215562999
0.3221178281291598
0.3599539642727956
0.24703121709827014
0.7327890530366273
0.8623450363384697
0.760311822553253
0.08013437562500825
0.0301997518397068
0.3526782335521047
0.7348073557593969
0.4743649809772036
0.6244786588892957
0.5380042103680857
0.7284406755388048
0.8060425098347401
0.9089598693152583
0.20151750450854267
0.6472790640846982
0.6923572477550182
0.20953310116863766
0.38543100558728705
0.9868531162682056
0.6094543104940296
0.6319544281921106
0.9315523297573362
0.6967160117679533
0.7672434616067925
0.18752771918211708
0.4716535527355745
0.6741396593256196
0.38113976982930575
0.5299765718518843
0.1324706601149096
0.5659041920839564
0.8697620379312666
0.5817383567980653
0.01660999096605309
0.08540541393982459
0.47452504047439703
0.4865029385852643
0.6459211025111075
0.4379925469231528
0.26259021764522894
0.1952643233818251
0.033034984235991605
0.4160951109857216
0.051053801051366365
0.46307175832812464
0.26348474605082983
0.4899288059691632
0.9621898436698234
0.09805885428232652
0.5937901937838165
0.3032491480660733
0.5814534580276455
0.5160631661548947
0.15685725665319383
0.34836484272908197
0.6795277651907129
0.15107820147809792
0.9426562799634107
0.8594200167984889
0.3533555691693926
0.44627746627016585
0.1781623646000664
0.9976885557492241
0.013319224079701653
0.9389683805917947
0.8469065094670607
0.605968606531231
0.6195329143340237
0.35969919313835963
0.5506763093949364
0.4561609625099251
0.4143108855337889
0.0563803295540215
0.4316744037790171
0.8439499766840222
0.7291320951827169
0.4509042091406563
0.12064904703355805
0.5414889089714784
0.8578305372606907
0.9728968384737214
0.20672459074928984
0.15921108798687078
0.49712251251637773
0.02939323263802085
0.925975866751009
0.26794498907389774
0.4935449358236943
0.6976883257307168
0.513807454852544
0.7004138585965862
0.9625642387417108
0.8946017136688124
0.6653446655321955
0.6859743344629707
0.40384225649740524
0.7151031135910119
0.11766060766450304
0.8105671871297598
0.5842219580181552
0.044500291058036434
0.1394126559726322
0.39863396434188825
0.7008797167980074
0.7388999934382646
0.3745292639857538
0.6714191720385854
0.0489312459785024
0.5704623833403484
0.41015353171885827
0.6632819488060089
0.7109752351608006
0.27062426163800957
0.9053316533044669
0.7172747570321819
0.47548709808986367
0.8370615881648337
0.6113427950362759
0.6599682693310903
0.7811740367010831
0.23584943475457654
0.7583390308402137
0.4827036895708675
0.843228311556228
0.8808979468069378
0.671804472903281
0.5977434183140128
0.45140498660270534
0.7044115653017291
0.207554422982001
0.9053061788196225
0.233860057567701
0.21289071412936433
0.5036062955941
0.8297330558996413
0.8201637262403603
0.6806542022414249
0.4503679494119368
0.7959793465346058
0.12671532850130285
0.1472803914028591
0.3967588547848191
0.07846772119368028
0.7029945654202006
0.29578024785445456
0.25844722150099064
0.030193110302628612
0.47632106845345024
0.682382700733227
0.16570368604077246
0.07379453109114831
0.2829676916318107
0.007857173552715091
0.9892090434517983
0.20655950664551492
0.2963738794527263
0.45442909094104456
0.0018339918463122773
0.873641564686068
0.27405168759158516
0.39904437013312666
0.39990735843625624
0.3207580557940424
0.7615640614498591
0.10097766851477818
0.08485018693696911
0.82164356023209
0.36089625913794277
0.778058467620632
0.3464243644654853
0.8319602733556233
0.655827711075847
0.7230474997222883
0.7807092846272929
0.9890658672679838
0.27632361272305905
0.6882114225318625
0.6141235270723273
0.08729687288425636
0.19873034091034258
0.3559048180246738
0.4563841292232629
0.9059355234246758
0.05043391726579938
0.6428256867174461
0.4466119841436009
0.227859311070841
0.6101510165462578
0.13778569064667834
0.6174126950598109
0.8172588226176705
0.8463368823152921
0.6842339080803349
0.6611141141642323
0.018536850820929707
0.3684236400912029
0.6357156396637806
0.07836663551179912
0.39056463913082484
0.3556557809059161
0.6979109672016646
0.9490071793140267
0.8110714288611391
0.053512038008468155
0.84844335367579
0.5514824121601922
0.990200236260628
0.6174180043706281
0.010663952777709484
0.8967034554435176
0.1846409529949934
0.5453167269946395
0.061373507251503145
0.6702464174626458
0.8538650873284913
0.64512404953973
0.40937626230307655
0.21284114096217244
0.014268111338328282
0.9659647452195551
0.6576745799238706
0.9002482622490953
0.3149719051340132
0.47236920349722766
0.019520982436116552
0.34569817889532073
0.1956658803077148
0.7560951936063992
0.4007673185437326
0.47211469105566073
0.6426206825752658
0.4373480084890683
0.6844540665851453
0.8787835220248796
0.7701523140024792
0.2111217363765281
0.2690096813168903
0.36445387682659547
0.3072626290517084
0.04837451769025802
0.3177224994761728
0.8700459638196353
0.9010080575688453
0.27392593913623753
0.4503013523932258
0.863997745436088
0.960879278448632
0.35497514111692063
0.6375251607326223
0.604522960662931
0.7406091548076152
0.7939969431515053
0.32013978833628376
0.5814540001902085
0.47876336097793715
0.9093128018143702
0.9134074345092745
0.6132815511455371
0.05379656665742627
0.354612312544874
0.6517917507205175
0.8058141698866512
0.7986267796460165
0.8475276004949013
0.809406153485814
0.20734478762361874
0.9159691896591589
0.6236737901692049
0.2544828547087139
0.16855325163172252
0.05000797872111995
0.049970853674621285
0.5440122336160614
0.23234025140031123
0.8617918697674779
0.18928867675417105
0.5550343036757036
0.5924801057693022
0.5078537821513641
0.9563714717938211
0.3070578931244262
0.9712268063018625
0.1425363524457266
0.4907410219061772
0.7252812495967093
0.4466340881825742
0.731345975119203
0.9870072923524419
0.7229558808824131
0.33428323350166644
0.26631425389254093
0.5188942656406159
0.3950633924587815
0.6413400032645176
0.15690689683464987
0.5345270835454263
0.9942813082237929
0.4298498590510099
0.8420512170628432
0.8396536220500107
0.7788897810157684
0.3590456721162504
0.49290133351328624
0.4335502381318871
0.11015045593643347
0.2842290688440231
0.33981009803860485
0.16684504951139278
0.009495715859325182
0.6792821239378752
0.43481773560652137
0.11502376510931644
0.5857138679704466
0.2728520637849733
0.6940477611543383
0.22629890396356067
0.05169075923408295
0.7043750301404873
0.40521744998360354
0.35469375606383735
0.3411582507637143
0.7288069481949832
0.41821458990955696
0.9239402892993225
0.9975681274264057
0.09022567357516009
0.8977645618374571
0.5211617010906232
0.2948887638043842
0.9503451968694324
0.46563236743735803
0.2525215645394532
0.8906668801565671
0.032682474730093114
0.26280863093730367
0.2171274589930381
0.12427220762818725
0.9656431094491872
0.06978720048819731
0.9872166601592598
0.2838099202173755
0.22371896301274785
0.07294206999963926
0.8751873372243694
0.5925998200465687
0.36992321875093936
0.770160723543128
0.5822312971591324
0.6755164197385799
0.5290386945092314
0.32919762282873966
0.16415453079536102
0.6523588364259151
0.727100840160302
0.6427072673757256
0.6309015406974258
0.577292721234565
0.5703043118006684
0.8080378484823404
0.8228437287052611
0.272235007249504
0.427572547060837
0.6919248015908142
0.8708178066077833
0.9301164154282684
0.8144512219064666
0.450253581223087
0.9411361874160121
0.34248703440409023
0.3632130056702969
0.3923683026882585
0.9860561920062767
0.36928779379441523
0.7692940498493755
0.3648817299756767
0.9298667476060061
0.8337109727840076
0.27278011489220766
0.6107441280614273
0.3624964147147156
0.15260042468022061
0.35821006223956464
0.11351033663960353
0.6776665815945552
0.048779857006333804
0.3651100344823871
0.31336339233194876
0.7832484031988391
0.6682711622876986
0.07259419657883481
0.9462574161193174
0.8353575830961418
0.721613080453954
0.8296411713829975
0.48158975664458004
0.926967107491944
0.8251646523508892
0.3771111080224815
0.7861678958303004
0.11911528925021198
0.14548415973204254
0.8926267951941035
0.8540114034106732
0.6243040176794938
0.9427786821868338
0.5321663782510638
0.6774280642599206
0.26189500321112524
0.9610073182912277
0.004914771047071165
0.8314223736969748
0.5273232801178666
0.6194128699756805
0.14450334489613803
0.05051348253858812
0.3199860687659828
0.9818240595258321
0.01803479929741081
0.09619598827614761
0.3686230144598721
0.5617628035466117
0.656458819089828
0.10686978279005066
0.22819634855478976
0.07027339601117033
0.3634941551271298
0.22726975009825123
0.3912610363203073
0.8634820652752481
0.9649208650280945
0.5066424699251245
0.8113449839810676
0.23865362393539524
0.12000166558381453
0.7386206586816132
0.5902490392802348
0.17679696921255783
0.9927060215273571
0.8356526864247036
0.9669758197140496
0.847038174344422
0.8483665194138347
0.36130959435685117
0.48002881513920315
0.818806881077086
0.2182535157727088
0.7082929872272561
0.9836608829809018
0.11207143682996157
0.7084514163087045
0.010689317089893624
0.8849314211088344
0.9744836009496283
0.35839494497793667
0.10656738062727422
0.867894572009394
0.30522739849053315
0.7442635777037583
0.1148676842369698
0.3986721570197427
0.08690856277120629
0.8295445438271347
0.5841038168048684
0.24173178857885247
0.4316409014805317
0.4075566131635219
0.2758661243293553
0.7056146853499449
0.3059675762024543
0.248288560304459
0.5322324864281608
0.7842049623400899
0.6246745822250278
0.28655446269297136
0.5285077285512558
0.24941838103791802
0.3081333472918678
0.23427780781856167
0.6431624587340495
0.10239635465166308
0.5678069404074374
0.7069062643581341
0.7061905591308834
0.9529882256684677
0.8229540291093667
0.6757093532546672
0.9630132577487298
0.6227494532931581
0.4710080524401068
0.7215580348256635
0.6027227752161574
0.9872658860572028
0.3386942052613203
0.7249216685080911
0.9105874036586626
0.8369002992841136
0.6004550282679578
0.6823323511339786
0.1864154672737639
0.5844384941905663
0.8901884438052884
0.0781665476113681
0.6386425093252961
0.6303227472715534
0.8332402473941254
0.18504365211954366
0.8442712185314675
0.26067028525908675
0.25580913638584124
0.8049839642770409
0.12271211099471535
0.9878312050330159
0.5980601037498063
0.9199188741762331
0.5188907890229391
0.7835891891179535
0.12713030607398557
0.888105549371309
0.35211718722037644
0.8517799694378464
0.46353374456376306
0.759621300622037
0.4266749592410133
0.08977496599578438
0.6105155538664605
0.5555412445842256
0.10698387251598618
0.6619023005870946
0.6872931456932847
0.21275206279607017
0.7519047866237933
0.397584104482256
0.5421945488375797
0.9541510730731367
0.7273300143857657
0.4544734578028704
0.32409848154796594
0.3995534720521684
0.5031052170195707
0.40982876301279525
0.8486136760745755
0.48741080019255245
0.564148814804786
0.8551448561678074
0.5749737609179744
0.1858785041123473
0.05904670493826003
0.4676206132932984
0.00508174859862931
0.2545490937209123
0.28593899058579175
0.7039997682734146
0.11626489209230506
0.6124282715030542
0.9467709240114947
0.9799461657109072
0.040308463959836005
0.6224648315531183
0.01660683365643978
0.5919204879852072
0.20417718363160575
0.6588613977134938
0.7245367164976401
0.7185255788542663
0.7300348037135592
0.3697932468163698
0.34663560482067546
0.3743570111917074
0.2517494069799746
0.38116457948548865
0.8196924491563296
0.6676163610823467
0.8187393251251958
0.5904109711937965
0.0609578112326149
0.02041391630408529
0.11487681619612655
0.9537735532153939
0.9854992595883172
0.682615095837221
0.43552079308696545
0.8247151801497331
0.2576157157856631
0.5715057779127912
0.9921564514543231
0.541130086027596
0.8341125580246075
0.756262000660121
0.9473520351593822
0.07555077073638183
0.8696242361548367
0.220120352072114
0.5892091318753688
0.650857159684247
0.22419342078499715
0.2145980210508508
0.05948072775659896
0.5213151642534474
0.13539700452221337
0.6268492323971607
0.18655502313108252
0.9301362338223165
0.7913160402851861
0.8597332916554875
0.39105091553144855
0.19595540384911436
0.5269460750299867
0.9186175721463004
0.27166847040763964
0.43769035614698615
0.5784185964027012
0.020866876335054463
0.9774383701510728
0.9469075426653202
0.33684037210175244
0.6106344135243499
0.5015771905738923
0.8878284756989613
0.0786808686160172
0.41661335153951506
0.6518564625699268
0.5291542767806025
0.7652271211510293
0.3489879317947989
0.8451733061358631
0.5362011613766178
0.5525787366519755
0.21134409638661988
0.5050375736852675
0.5050273562616385
0.9772766696737835
0.9423460930866835
0.6260398539119779
0.7145144681388784
0.3838384055857488
0.6861261970770894
0.9214902059315874
0.7150734885782739
0.40549620728254476
0.9032815719064485
0.3926025672008716
0.4565689673344019
0.44153741469512464
0.259617137016105
0.12810117904687235
0.5884568533901197
0.7794454531619586
0.029361398826079466
0.40594147867927544
0.10657901984816065
0.31453459809185425
0.5949081888954064
0.5466641731366149
0.7993990241508938
0.29866849597375955
0.9929174553366872
0.061856501735240266
0.37593401315287356
0.5593242123084812
0.9160509554096198
0.08283954411967676
0.345391510174511
0.3972959610477814
0.9648867068651751
0.7010696837660075
0.6916706034369307
0.2724985513686078
0.3356960392773203
0.9932659634445519
0.8915110363468127
0.7740211716428516
0.3619033373749939
0.25676841386418825
0.17694008747735723
0.05760587006901241
0.45813785641988514
0.5584629781410151
0.8116024577090181
0.42549137055363195
0.86933160677279
0.5116124480661273
0.7359008121849688
0.29988118712470935
0.5339713123127415
0.7826923102933603
0.7790406618780386
0.9024755096957906
0.8385397583752786
0.5013730758813736
0.32821349907761643
0.3437580021448433
0.25717215956096195
0.5635806536089021
0.21046841802909744
0.4199808880661976
0.3572850814577112
0.3586971748124188
0.5638576930374213
0.07526916599697742
0.3268679321239292
0.6674606934437342
0.9833302038329056
0.3650332242798351
0.8950327163509789
0.016414717566872516
0.6263293152891705
0.6578339768197189
0.3178318138179872
0.7555347455368117
0.1707324627982335
0.09149604753534912
0.7827284943484067
0.0512554152672815
0.05084599930189504
0.9886764135537055
0.7732656786734071
0.3772465781978893
0.5112726783093458
0.3881043145950617
0.1079026782315764
0.8131893032123716
0.2506317705199841
0.2482236997413353
0.1969197001434242
0.5703649115917528
0.7575936253095111
0.9649765254568441
0.37985905593192393
0.3490816759468307
0.6388209889373399
0.7832133485123066
0.10882140155226006
0.14254343747651788
0.7987649841251506
0.15401874824980277
0.3677837423727859
0.18329511192276848
0.8539226276283421
0.5971602501832479
0.7789049620664298
0.23872897977220686
0.493001331284465
0.5278898494205911
0.08579912035620862
0.8266312503443799
0.22692266569474695
0.49481348686334514
0.00034111978007056454
0.9291932795787387
0.48041789550774894
0.006393065269050258
0.7740547990830302
0.27713890392171847
0.28654571477157664
0.2585722216649262
0.642828297225677
0.9087307647255874
0.22954468584234655
0.07528377126177788
0.9469315226400884
0.837271316977516
0.8276485739196034
0.8256906239750911
0.7080225808651912
0.6013029130704542
0.04091862450576067
0.20862618186741455
0.3823969365460934
0.3457035814480728
0.8355925558259868
0.33164589745765194
0.8718768093775464
0.03009448364391465
0.4070003318318184
