0.9604698084547475
0.43713460127003256
0.06325755892843721
0.9630409700239686
0.16508850027894995
0.7972769059330158
0.5428154938494807
0.4343082432412676
0.0358060725092989
0.47994440401564753
0.5298657147409388
0.21395397060845578
0.304291028815065
0.2251472290766534
0.7543892771472587
0.0749817442451437
0.7692655618986288
0.8006882297807069
0.17707852138842095
0.8636939572187349
0.828898021601911
0.7805046653875312
0.3274214519889982
0.4757467730252747
0.8646098817092108
0.4430565801657027
0.7542087616643273
0.20940888092372756
0.08062809839651408
0.7998898429109639
0.8449880731452046
0.06884003663777138
0.5993572289956759
0.9268237050460754
0.47798168932127405
0.8296021142511901
0.28772639453443394
0.4948134191842276
0.23840496833549263
0.5546220323686488
0.7044175663185067
0.4185886192852155
0.20066223981868525
0.2616075290022025
0.8611432548678363
0.5130247433364772
0.6896394683280742
0.04279981226182206
0.7402829345809167
0.019610627085546173
0.0850756789172733
0.7230960402745538
0.48995933246562917
0.9733123193366422
0.22348310862762066
0.5786435703693541
0.08590778302503965
0.8284616432495229
0.3229576450545729
0.8868752217037679
0.8950802747008231
0.1499002004330635
0.47587034131519135
0.4124848911055995
0.7673266194609718
0.7490740918029379
0.5967018139042741
0.43439955776651074
0.7314419804662922
0.8986357447063824
0.08883597539593013
0.6720095955788691
0.8359113173776966
0.7582730317866123
0.7887429122132711
0.5357904829310695
0.8238510059575905
0.16523725723119298
0.9304154908377683
0.056500677112643394
0.010466495620951255
0.21291363123971696
0.688484875694985
0.48043856880239033
0.2040091640748959
0.4419253352865793
0.7322999594172349
0.9008311821270113
0.8199546044175957
0.27836222783698616
0.657617590109208
0.5535647966198312
0.203130662209017
0.9915113307362825
0.40009759979495574
0.275008652606617
0.3336939261405514
0.9390294219154346
0.8372674383362639
0.2506798186597935
0.2524622440323111
0.05505405383326811
0.8608703454272295
0.6683551840741148
0.390721671229149
0.4864018326618944
0.9555464297875073
0.6894315422748547
0.9476418071790524
0.5476695737335417
0.18859498209477876
0.8943197512450167
0.6574296027990898
0.09493508314215138
0.025138093008509776
0.5430784382804845
0.947827574020239
0.7612614211544233
0.07588971278449119
0.05414299236793374
0.5529211937333601
0.7803786490828416
0.3127608701505892
0.11580865665163498
0.351998401202437
0.3313288596804249
0.05735522844445273
0.7546307838009605
0.3600678988613196
0.9828116114212709
0.09795114557060813
0.693162523463153
0.11431706248800089
0.24811015547128268
0.8024579637066341
0.3950681528436758
0.04118091609260166
0.3337965731594642
0.8048150681260406
0.830432142153997
0.3706137400064463
0.38603244940740533
0.8531107269302776
0.8319930958748221
0.7384188250547331
0.6804140992319959
0.20638112077766657
0.8798647810922301
0.0588894057728131
0.24788106649989283
0.5948423173655785
0.9360448821631542
0.7745383524851268
0.563020057619418
0.4689212903136748
0.1878530602703511
0.4996470860707235
0.9547706796952989
0.9383992667311941
0.2891889659565423
0.6213887155927403
0.5966026207470616
0.62356419610081
0.24053312248103265
0.7947461500937502
0.6196540924982237
0.5194255888735797
0.8859771783320022
0.5623706861903315
0.2660143671492611
0.7555923325558567
0.9037134798865828
0.9277142569045296
0.28663553573158507
0.687994244370924
0.35867848808227154
0.9212326994046304
0.8763752912134283
0.13515976987024603
0.6195814986747689
0.4495338699341227
0.0486954262051269
0.03407172267069236
0.5074197079681634
0.035752955879591486
0.5127306876508942
0.28783701551401386
0.9421986742437422
0.5816637435015725
0.9935534750827557
0.9360944249747633
0.6930523596720278
0.37366624921978264
0.20454683111918526
0.1458213712361328
0.7699203364089408
0.30478163758670684
0.32799871682739923
0.46840908255208435
0.5809783697041174
0.2256413179440555
0.253402115529597
0.13454562075648724
0.9061637510320083
0.278099104811653
0.7112615344282551
0.0762682771230071
0.8313653919322863
0.196647951405598
0.002338069985350577
0.5891616626612021
0.7963151553617407
0.3969032558630281
0.37632363863484486
0.21857053842862006
0.18395599767104998
0.4595916949462474
0.6066293609398974
0.651034656878032
0.7380859805029025
0.5895620374069231
0.5203748160241484
0.09807606212896103
0.6899263201359015
0.1152063865304167
0.39881028766073934
0.9360835523033895
0.4947662987297422
0.57849669186336
0.4488362104249689
0.3504002685546308
0.5633147696912638
0.6429027283040858
0.5460354813112057
0.6170166516645372
0.005041648229358042
0.5190598901453453
0.5199014992389523
0.9476953112305625
0.03772062885437755
0.10264754023735878
0.15008880069259123
0.0724195991162293
0.5563436223935868
0.42800188330950495
0.931047733965856
0.34064111917459317
0.8750897065568931
0.48861614344401527
0.2769585583793248
0.18561178762322106
0.5121894885054463
0.9247103250314498
0.0005496117807989309
0.020004264300033547
0.3329483737310621
0.009937170092554237
0.15410731336601957
0.43892597295102775
0.36460660025332103
0.5563633745915343
0.0869170388338919
0.48408340230994384
0.6112423354250894
0.7197951583655844
0.08636690488346821
0.8369593670214934
0.927021628330285
0.28658817577633877
0.09408982759367446
0.26523185944491334
0.9281809617166794
0.3214846293587518
0.3348230972745091
0.11941532260314669
0.48854348938207093
0.3561508811617454
0.7478062784289365
0.08092406873961511
0.5543871027010433
0.3546739260448224
0.7009182871108126
0.2946225394802081
0.7522057553071196
0.8849489817276468
0.49269695194307406
0.4086303437944603
0.1061174602356717
0.010846819063375368
0.40249858896450685
0.7721806494146859
0.3083391725520954
0.04895549433378932
0.0332886250764336
0.45494457699904334
0.47020589736823293
0.012573446163763102
0.03103885033393572
0.7468702778107189
0.5444038925062784
0.5039395452651423
0.22032512154724515
0.7223962895728708
0.7212637783847917
0.27343222383738963
0.33166733519565794
0.9962095518194134
0.5545643665826177
0.7959779929601426
0.09484654775780188
0.6042581859835657
0.7958735508528987
0.9367646762575764
0.7328695763460322
0.3750012152534391
0.69634156439618
0.41189989350252376
0.0312716958542929
0.013285967005385535
0.005047359357265746
0.7133806758536649
0.023833071103131265
0.17790809049722933
0.4317054154440776
0.08634070007626449
0.10439855002515841
0.8033176834433444
0.002354388000727403
0.7434035743287625
0.6635346975862308
0.07435435564776804
0.09040834793364283
0.06551339207855855
0.6194357827272837
0.8871976646961238
0.9272395533192349
0.7962501596922053
0.12741697374591
0.12038017994804273
0.7319895317524439
0.1768687445747188
0.31263854175423633
0.1282986940210732
0.675065647132461
0.3842893236084448
0.3713708121321416
0.7829733531516925
0.5470735331411336
0.6180005297284984
0.4620677101647561
0.7956426556176834
0.8679110991791467
0.6231733107078821
0.24888589063117827
0.1777666270870082
0.20442889322642155
0.4435074447817994
0.6911920961954826
0.6353455053711996
0.6030742975597679
0.2937933322211349
0.40229792391005004
0.20775617469330043
0.6368424911197064
0.6587465944959618
0.675242079355593
0.5239252914857816
0.6762376565070323
0.9829244328866642
0.26602524569776764
0.24912694999703033
0.688858169187762
0.08370133853126838
0.604085188949604
0.18385167541798375
0.9385867216812752
0.45720603358517464
0.04023786884915359
0.9824758791388282
0.5047514434207743
0.7023753094159648
0.09088001481320429
0.018795344607077547
0.5742676548875985
0.24957705156356147
0.14982291391626623
0.9478597121030988
0.612011689005815
0.2578449300477784
0.9584784446269939
0.049557344727177544
0.8873364345346741
0.5586017880580944
0.68120579645895
0.5487604253886289
0.7448074488550669
0.05476584150123098
0.08547986909900296
0.865596531344425
0.4633102035130773
0.9551082030382356
0.2987349067483238
0.4584142834089885
0.6381973472841604
0.6643143317798226
0.13324915097676826
0.726389282596729
0.45045372203862866
0.5187530422832805
0.04767805055120089
0.4943480003955695
0.5444345604352245
0.2332704978345831
0.20340904955560124
0.48521134073346806
0.31041773210075263
0.6793005809352407
0.674314871617132
0.9027492639461595
0.3079070260602643
0.5922499574823739
0.5961425196283959
0.1197794160433584
0.6230166589117423
0.8540276834090372
0.36895039336681246
0.13980111796990002
0.784590837821398
0.3492157200905588
0.32587986385915113
0.93494985030044
0.2575858894702
0.5514891592731229
0.7248807850954329
0.04506895657770027
0.2758614740527625
0.5524056176481227
0.6950229039011951
0.5275653258809043
0.16118587186291888
0.21637697343172302
0.5467404731752343
0.44745338177627203
0.3200555870803675
0.012284266150370038
0.49640064645656856
0.021937670255861907
0.21650636752902275
0.2933753461354237
0.786781979745833
0.03768000021522899
0.34571594885367396
0.9850471079198064
0.1475123013573374
0.5900098617437081
0.11678811819831758
0.07155126299874714
0.34428366828706125
0.00989242403397661
0.8572066620258616
0.6853904329347846
0.41801218917345295
0.32215667591088415
0.2289634042739508
0.16757690525152003
0.4661655532225132
0.03385700834505834
0.20585291687785778
0.30791914544268995
0.6798019297172675
0.20889582021340047
0.6811084404889864
0.6836913423331641
0.6735814552151632
0.3409824395646759
0.07789610482165066
0.3949951451417566
0.7088197636051196
0.2915577942488744
0.5029225677786249
0.43242378085384436
0.40806741205250685
0.842999437566324
0.658408263699926
0.5723354230656826
0.040029999719801035
0.03910563810443757
0.6947516409067598
0.5548514436668773
0.5546287954469314
0.9838708550012014
0.35208323068853487
0.6412965121479431
0.9468418451602569
0.22090761789113134
0.3544025341623199
0.18252569571760546
0.9914475800652376
0.66443921114366
0.9354574785575681
0.883066463473625
0.5149053199810733
0.5531073379050538
0.30025888764699016
0.616841436845943
0.22064556149321712
0.15092837483235322
0.20357236634476072
0.44209333695663255
0.6687877148770787
0.39577926408553565
0.048945961813251504
0.7396406207076208
0.08735633070660886
0.30364973339609547
0.4234778047081069
0.2526459058509477
0.4434275312345306
0.846877792653794
0.8104273098250555
0.6862442197894602
0.24945234701190866
0.9884831526039316
0.7397942054210368
0.38084274512532434
0.4311941795952279
0.8216051730989246
0.48825984533552624
0.24031160601146662
0.14430163562935028
0.8869221487626066
0.18051155610854352
0.6293397558890986
0.2523208221742894
0.9524096907168174
0.29537057924226695
0.05289508437400581
0.27575292566248577
0.027493855321947813
0.7160324683686661
0.32791059596281624
0.8749246965858205
0.6811352225418942
0.28378819682240963
0.6557552591190167
0.07084139378377208
0.6998969455686489
0.8107064623356735
0.1843041316073808
0.021851446644928996
0.747476517387051
0.625366030679821
0.34826346355853166
0.8005596623630865
0.5068960451392824
0.1330856991749878
0.31649979848690024
0.24053978884717442
0.13329600937815433
0.08439269203777888
0.729903652069259
0.9929259760745646
0.7359977178722842
0.6477960543410062
0.0860720091435474
0.4159464523154007
0.5707579647033567
0.038827319105203095
0.5869423771143922
0.6836237225872989
0.8406259031858455
0.4012166963324022
0.6617132853065393
0.5567999055627153
0.5209873511292558
0.017796500243536184
0.5414479184906786
0.1913993931977228
0.6292832092205634
0.48852385328957515
0.8858486692383162
0.14975494450570204
0.4473958100874721
0.5557441567319533
0.9832529247650413
0.8451420550706972
0.7413389904920323
0.8829484517288992
0.35313277102911145
0.3581619465901804
0.21877987429679124
0.7093082396042117
0.43648060185972226
0.17551091034751998
0.42030594727981296
0.13478990623104803
0.23162270999421497
0.5450381770225757
0.2886116349039072
0.7276222522555409
0.8411111585464758
0.23820951914573385
0.05424702897347777
0.16181653876167368
0.4648920441646869
0.6083298267123474
0.035024866640491426
0.6826532020710478
0.47751317296659745
0.3097353829230486
0.3756965273040458
0.3018520477240092
0.8351036396521332
0.12166598930944306
0.9163505798242633
0.225970348637636
0.038258594936733226
0.43414161019210273
0.6752038164995015
0.2414802003500779
0.9976475958044554
0.9134483996282021
0.007835896802194653
0.5599572188508393
0.9499534296892894
0.695901069914514
0.699820993581335
0.3082277244638213
0.7332275029337987
0.23886275633904763
0.12987846272040993
0.02750927536160641
0.9286545938906161
0.6600108838077138
0.6736829647113347
0.3519715440052795
0.29253994419495055
0.3517445652826727
0.08818017111953336
0.28172516921689317
0.8212641851486013
0.8746519716469038
0.3108156481986022
0.6892710695158218
0.8238708342883505
0.16717591331926662
0.7767174315039619
0.4243285224140728
0.43785333242323754
0.08837762401622795
0.25385843851091205
0.560276086339909
0.7254486499961671
0.4320767952569824
0.3175793770004445
0.3143987874442836
0.5008346168350299
0.5479897718995175
0.018834146541683472
0.7172382855303101
0.343176537642348
0.05072013273888487
0.6506388266137079
0.0773496140311275
0.9195201018758515
0.35556957135563694
0.6259483468932325
0.4606557897773388
0.44162345592764174
0.9151567425799582
0.17408513298743178
0.7518524256732352
0.71793322253162
0.9292748500586614
0.43790194190165654
0.1080417232948464
0.8278411051072605
0.02002955011243468
0.514573699838897
0.5140314654627003
0.35878458724422024
0.2312852470571396
0.8840125008477203
0.12696625910767023
0.711623466987823
0.20936939534097365
0.9853760776748126
0.28544450731242477
0.8617464707591199
0.2766929372107454
0.3962854748421504
0.26635350740128905
0.25246914330169035
0.3240686826073823
0.6251837480303741
0.985243032224261
0.05484802640918007
0.3802703477770789
0.5458210566322294
0.5170600695748117
0.7372876313293767
0.4878354824714486
0.2137200625401301
0.2485774954591553
0.6383900468577274
0.5428052048220661
0.4541498825834237
0.0977659792333525
0.902663317069003
0.34066375137826865
0.7710270289673986
0.034993638704701735
0.5561404026692716
0.8907360560938579
0.935606743179489
0.2313656258544622
0.9573864800768367
0.13182028606287843
0.4283104230815433
0.4116068010414192
0.46433043386244754
0.46239758960069544
0.04279645687496525
0.34085935410464274
0.23694486556807337
0.9275371995438267
0.6236480717955925
0.30449774992702683
0.3592242444491852
0.4152514197083803
0.5135590199931848
0.5074142624605239
0.647522927526367
0.24726170831832617
0.019727156718299388
0.3427285695851602
0.9553043912275295
0.36733751487527233
0.8866848281838164
0.33431385079679254
0.28123082876530814
0.9004192971171616
0.41163058363604366
0.3839752641235803
0.49487428553032653
0.2812135968143815
0.9589890790264288
0.4617729182516349
0.836507186226208
0.30338982747818344
0.07856775974204344
0.8052995718766415
0.054176782287273295
0.9317576909819174
0.16672516374024915
0.5931261994442522
0.6279534890038204
0.5438302463826125
0.10511942193067003
0.6258517539096308
0.42093484116595914
0.1346228613313023
0.1791831270726557
0.27635031996516823
0.0665430466014918
0.5079828296309263
0.45434219678456467
0.5772785845446697
0.35066643961344546
0.8672319098439073
0.5535633140813961
0.5194177166696997
0.8081488100918217
0.7120862609067318
0.6530360719569398
0.4790743821718104
0.4352005629884981
0.6560572140692682
0.23122847216616282
0.09515752856649462
0.4826580752544253
0.646333265372001
0.8974076843315054
0.8593569120623933
0.3218252569091201
0.784330802000506
0.6968131193026619
0.40815386801805453
0.3415128610966689
0.15130148172980395
0.32573044000008045
0.8486156039815961
0.384304430219202
0.7858144589193695
0.04898672406312121
0.3604547617073238
0.24476075308493284
0.5054369979650174
0.34887180119793115
0.17763926002922537
0.3689589158515377
0.06316290427802362
0.43250533542974523
0.10845620078039919
0.05869709341394724
0.21184136985645796
0.2665740759471703
0.5655536977393366
0.3388380616083374
0.5956972208242367
0.661121398349434
0.598595814423529
0.6852090830613925
0.39564773692621447
0.36688964251940503
0.7660510752760541
0.4269428121490293
0.049618609555050264
0.3290562102368063
0.4440381457472009
0.6912084011692844
0.5105398633189172
0.8027245412500917
0.7845676995429
0.056854745242307825
0.1251082773493375
0.6594532389806949
0.9986256655009462
0.04410343983892384
0.5047352569362445
0.7713961644297428
0.8876744486129872
0.5512363434880793
0.9585082199579218
0.8585017270429304
0.4855850553299059
0.49658015887051177
0.6040656904024841
0.1889743117243201
0.048985987188997604
0.023251870475066494
0.3542115474218237
0.890987408576838
0.4990988602559393
0.708798015455953
0.07618621381186774
0.16615539863790063
0.1522245901419209
0.8151936398843714
0.3038272553413357
0.5495418128845179
0.22559846201831701
0.8047895576299459
0.041823031246574494
0.7065002948629293
0.7873354120944511
0.8324029901648422
0.8745496651543943
0.2808349102854746
0.73680196421882
0.9058372047990015
0.3628201599843246
0.1392915856845246
0.6651205497960917
0.9009828435238365
0.022734554028910114
0.6243550444456933
0.8819219930048621
0.8524012371688008
0.6386969152121209
0.8244352753917665
0.5151026251715823
0.9648176595200135
0.6667696781245508
0.6942718612824867
0.29676858467884437
0.742275258539528
0.9775899704044518
0.6245924016929411
0.8582689065497158
0.5282571933255201
0.8782196762093067
0.5392872277565167
0.43839098438804325
0.622597436740847
0.7810023897289186
0.9849736650043589
0.9885342997137669
0.6591120516682742
0.44707872153437567
0.3437191010481446
0.019873389286251486
0.9191168889957688
0.249185333604513
0.781383050529087
0.1270639188044551
0.4753367418010873
0.41383932022651404
0.7956946465406587
0.8645903215481462
0.14069523980725374
0.9824552558649221
0.21025967516755784
0.18113636240062547
0.31220231846265223
0.7863209449830301
0.07019209033633245
0.6030800261404903
0.7993274633937
0.02629695965844081
0.5083974414044723
0.1136382845846603
0.4645982349066048
0.6479363565474341
0.5773788510473095
0.5486358953876808
0.12377016880761449
0.6765405050127906
0.8421217065244457
0.3569272417648426
0.37867677504622377
0.25913371085157466
0.5041382729205443
0.47429017999177514
0.3475600368340377
0.48052135917664107
0.5636540038080756
0.15256037540203005
0.7852354077593803
0.5728044251065242
0.13553497358087696
0.9081892557759584
0.8926961821109821
0.9006100132903624
0.45992570615364414
0.8989334472351832
0.21533798716641106
0.5263063673946872
0.8403073249953625
0.941691406437864
0.5069744237037664
0.027156371758808917
0.5659528221512886
0.3359822953021271
0.23885080155038418
0.22108239251424844
0.6818342864507413
0.8811147519176584
0.06680020847562274
0.721570585810061
0.11816168617000133
0.3258757350186817
0.6879625203526964
0.17348842657942642
0.9144052069016427
0.5270456024516487
0.6225978947357911
0.009769084720351984
0.43282667737121217
0.8258676332110475
0.2521222534470241
0.01624830479314432
0.4667999306899274
0.7118427886093119
0.5552311462583307
0.10085603855674696
0.9586821171622859
0.23872145162858605
0.8331975669580339
0.30882180000069315
0.10135254547945349
0.11701981153150398
0.5339656361162144
0.4478410642779387
0.7447522577837338
0.406706008799932
0.8500437582394448
0.19406306092455972
0.7554412691881484
0.5696570116880771
0.39956595864108413
0.08988614587685273
0.6788957504718348
0.6554088526438206
0.8097235223321122
0.8210188134397556
0.745987710949151
0.8459887532555029
0.7860666620362263
0.6270890428168765
0.3577739498687844
0.48401642604780715
0.18584997792134494
0.36634700846419854
0.8299044954010879
0.835704459683864
0.5305470024565131
0.36051975224708255
0.4354588069794253
0.9700707442033464
0.9819305189312346
0.936087868030076
0.12080406917440722
0.2420067940421774
0.501802620783936
0.12903512771085623
0.16787926047869883
0.8330384816665428
0.8530187246529674
0.24447715872026365
0.9281652094602098
0.18049155816424844
0.7599466660977403
0.8730008950751169
0.6991719249075441
0.6950669387091473
0.2493525591879051
0.8710384044882467
0.13163853140256832
0.6343599211163228
0.0018778662177537653
0.8102109172981997
0.13038684231714948
0.8737900765223572
0.11471656378457085
0.10291044676588668
0.2384020952377104
0.48351233940497107
0.8697241849902803
0.6792630673538504
0.8784833067653981
0.5824601232378027
0.9962829924325836
0.17226817622807256
0.3045819949692532
0.0452370530922267
0.4361574688078572
0.6173813849192717
0.8483962457662539
0.6859503771265298
0.48549315205454613
0.0030219359213516928
0.1990187842199872
0.5948230491659214
0.18869606598476918
0.22808702286720006
0.18729707732292367
0.7261001786936659
0.21526616597442882
0.1769977546548963
0.5747988991189551
0.44709082411718704
0.17518863991684808
0.07746790751209198
0.18085248762841177
0.565222434558547
0.9164638590003793
0.7170761214900814
0.8187960369812864
0.8418318471610655
0.9191371788355556
0.40460979407702125
0.7483555879137761
0.9067662047747906
0.7461665099883558
0.4175616163954704
0.7797571646638509
0.4331490896235237
0.08664438701531674
0.5306656810202584
0.8029965010563479
0.9801593334918427
0.21194608020475791
0.1482573205087231
0.8918672135746837
0.8578153732736308
0.9153246221070976
0.5489077254748782
0.1574205241793627
0.12078254494220575
0.3986224899737565
0.888564919806039
0.36039375392562223
0.711550978159638
0.4321278918710785
0.7287678803505193
0.048441753488872585
0.12869014933305223
0.348994392848612
0.3946988317933747
0.155297513513465
0.8622814147159993
0.6848837672039697
0.3430906038342034
0.21186538210492067
0.7650213182243799
0.09521796980103658
0.9892464294496024
0.2616846593096783
0.20763001584934992
0.5247026385764512
0.19374124753340372
0.25459189009315564
0.7431569474632648
0.6274574011864817
0.40604900609954797
0.015040781124265545
0.22949245053182976
0.5701503093423251
0.4470504108234836
0.9730881033190477
0.027241179966615348
0.7497597457472008
0.22149611187347185
0.8615764874956737
0.19084547301808175
0.7933228903141494
0.2673132581698747
0.04107642036599124
0.8761855635619796
0.49158049855670694
0.47500520528139867
0.301819307020453
0.571936898603962
0.7178467261951249
0.5064800630220258
0.4401410258170393
0.2085584999043565
0.36845155233728966
0.9090605670940987
0.09028476636341154
0.25982879449278473
0.10299822707183925
0.5138902935162375
0.3565059403544144
0.34811845141272857
0.9826155651713683
0.9616079993532733
0.8018646371368484
0.4926061352306481
0.4710278242069149
0.5812249909889163
0.5517459047641634
0.062390545662475705
0.5300980928520023
0.4138205843498606
0.012024818882125698
0.20662757032068124
0.515797440242378
0.716979987956914
0.41631300828990137
0.8284509459266816
