0.6787264684629412
0.5173424251411126
0.4453927832677572
0.30655206932269685
0.7137448201781594
0.7925172446574787
0.5192736498282969
0.4171857740187943
0.4373197705147148
0.15962424487292814
0.8465795047436863
0.27063366162152713
0.11341776527476077
0.21981727003446538
0.06928439478480186
0.5072406331138178
0.28799485283677695
0.41715754816769746
0.40002490464267904
0.5771224860862075
0.6448560217970257
0.8578587470263282
0.7250375244853171
0.8278672704984152
0.8779399025234962
0.21120163098412303
0.4012151361136651
0.6756882376401212
0.7090703213882652
0.7527094299324063
0.49885679387715876
0.10813745954821175
0.4231216769253229
0.5022610963412214
0.7021776614607601
0.5591123469069316
0.6095942492986308
0.7370477428941994
0.8421788573927649
0.8745252408240256
0.2150123683873466
0.048270586526006465
0.34974020176288034
0.9561617053694862
0.4924845153083214
0.23283268672521762
0.9870889838825055
0.8731270422044501
0.20376378276464024
0.5190664023823507
0.10810676264075714
0.35280736003089297
0.8335066231459254
0.8201648674412944
0.07166269791304547
0.41939952723452234
0.04387284026626459
0.7224823933676674
0.8727110802040992
0.3423962757260365
0.4830846912124944
0.6852371702419372
0.8560802024763325
0.31599944009760483
0.09698424172992148
0.11253419896900463
0.16319459785531099
0.01570178080988982
0.139347381825481
0.5825955216866191
0.7936544090153311
0.4551932650010795
0.9652433853645369
0.4243194486558579
0.085613826422693
0.8676493591281762
0.0244655707107313
0.5561805317525298
0.7982788411152087
0.7183420183396207
0.2880135087855288
0.5399767027677652
0.8961655047219949
0.4884799386865395
0.9092965135222544
0.6565536768708923
0.729061890774971
0.12924521018072388
0.7364705874843411
0.3521163937889792
0.6315305056303886
0.1447847647825582
0.012863003525393601
0.8848467577064542
0.15616790296881333
0.12443412710184176
0.560516264974747
0.865287490010868
0.9377886092884024
0.34108182796483044
0.9001037506001498
0.2987319410535241
0.8855273967315319
0.6188805647657325
0.7412479673019107
0.01431749589588871
0.29682025680238655
0.48970566373296665
0.9520516488090892
0.5070811017433892
0.21082649503737405
0.5654145625958089
0.9298177837621351
0.9701532375109679
0.6265336810133277
0.2495940144368718
0.7078856904802683
0.6933185896332043
0.2009087630375459
0.8053793446775084
0.2079339440960737
0.23223353970486105
0.05652044353049712
0.9910955177350659
0.3221503738681384
0.5473378882469813
0.31025372162817355
0.29331704200068964
0.8449815329641854
0.2973713813121249
0.19782591677042138
0.25009647915340016
0.3149374738724151
0.7094750012761747
0.9164382060553674
0.016184637659084622
0.9964408055481955
0.5522466835218578
0.19058674319323865
0.5299660720342483
0.2461615828573076
0.11091821395854529
0.08300967895185107
0.7102906165564794
0.4434233954567206
0.9456770537006317
0.7057063218280213
0.7494082738945651
0.2787331763690857
0.46995259603825446
0.22752959567047937
0.7292922511519607
0.31271214225274424
0.24766581837518464
0.9956492545426667
0.05986692950289796
0.7208987663677351
0.39702793609062514
0.029168905057229244
0.6326271763470573
0.6328253484365497
0.1752634915356358
0.9952638321533112
0.6516168441305586
0.6773632629983031
0.2723441491470736
0.21651383352779352
0.10383945512357173
0.5216422050551579
0.34367256375987343
0.05451975095423578
0.5063425965237693
0.03404371551029428
0.043634998143066484
0.7361478491969095
0.12659402072120685
0.7996416195034778
0.16279866425624578
0.5086154541078642
0.42655568363405794
0.4994281504267326
0.22067747811741412
0.5667365355579775
0.2445434486232616
0.4997772815832018
0.8499553878003954
0.033478421962494176
0.032447876930839836
0.8056610900134179
0.03839170274936066
0.5196717819491738
0.4327259612181342
0.4942446013827466
0.3691535118137279
0.9181373626589973
0.8506362462091255
0.32072529192248234
0.3854868461978742
0.31338162957801907
0.9499726101908617
0.4824085880386455
0.6499892448808767
0.9654861173624241
0.7199485744787089
0.913969300986298
0.16344468807875145
0.7885255147942668
0.8494621884656312
0.22632478082486818
0.3980104885085223
0.3270937602232631
0.4381726235779362
0.03116165688334893
0.632804033389787
0.6641243196529067
0.5991282103776777
0.3311737593692936
0.47361863814356253
0.5938676454734325
0.6650182083629481
0.17520610538811976
0.19772570606265538
0.04416706786913038
0.39685986652075356
0.17955870106562377
0.8002303539597269
0.5586981571490058
0.8899988971131623
0.6880251296024464
0.21836027705187044
0.23842585407166794
0.1792987100447483
0.3654889535945651
0.47395835622648874
0.9942703655099994
0.8159566781528435
0.95898711446865
0.7792428532010681
0.9934112552064626
0.6893584893995222
0.14953268007581
0.45170333752033953
0.4575717775781851
0.8151739242460082
0.23379052192534044
0.7784636783222346
0.19541969720690966
0.5605871846320104
0.7611364628017842
0.8762859612767515
0.8273264082245975
0.08983634492839632
0.8823603937501728
0.6951369617213334
0.1210557758550388
0.6863788190604831
0.23178969033417385
0.9357453227401628
0.959001774119713
0.03259414459587062
0.4245250609440191
0.1527984731827533
0.009487104342465247
0.86503633692036
0.23968085490450375
0.7390294684717487
0.4898840311281346
0.05309015598358724
0.22371480958930945
0.016853272602985636
0.7062385046212132
0.011834614388469222
0.44072157306568105
0.4671978917543236
0.29390021466613203
0.6276755870859659
0.6471361367156954
0.2754599356264781
0.9969429846119182
0.07008881780579246
0.7634975185734854
0.016903642294451737
0.6469270985747159
0.12702847971437137
0.3555089659819348
0.21386153170318523
0.2802626473967299
0.3083758008345848
0.3840820146003253
0.20148257516142254
0.364773969495118
0.04521842216545524
0.4470072279803119
0.751592381251599
0.7456385060726897
0.890601262403324
0.2979478625802725
0.44399092577509935
0.753277755423311
0.18227009282530182
0.9496659672150887
0.5673243238695989
0.8371783040989822
0.7940101511108055
0.06250408273962493
0.33161836184429017
0.862471330256416
0.5975170377889854
0.03459364059697223
0.8127160559447685
0.9108243456262768
0.6418614191189793
0.21192713455921652
0.20899495570480275
0.45936741022558825
0.6976061197321839
0.01291461795782034
0.9824319326670314
0.2725326338196018
0.2507507311759474
0.20202947106358693
0.19684167115060092
0.5953582293746855
0.06517488800470372
0.34192778841298066
0.19530964711348986
0.3017568960286444
0.8838248549856589
0.3231345548225505
0.6681492608262866
0.5353636972991975
0.16446116279117717
0.7377162367908504
0.6543371031898533
0.17230660354273175
0.42431120779140763
0.636262964905532
0.6160141960214914
0.6772894912427195
0.21740201303669093
0.27318433771300776
0.5826492089263702
0.6557580080701216
0.9648525812194332
0.4013403360169503
0.9665493269494249
0.8190210776921484
0.6030327642516631
0.932166502213502
0.13305730208414834
0.36797799954880117
0.35063053312772796
0.7901025124766896
0.22979962930554154
0.9224209796677478
0.7471478933888679
0.11488520734546093
0.8157566029399802
0.7957045522157744
0.6148973626700857
0.6612683844391152
0.20552351238362143
0.5772245813763047
0.537608720839632
0.6055519943122323
0.11594404753321519
0.16328322200635137
0.7565968459848494
0.8621620550255112
0.5274271732482737
0.8861603972019274
0.6522270697224078
0.5168431330494612
0.7524715092751795
0.35775213366451597
0.5309879422931261
0.5568231422286136
0.19840234006191115
0.9059685683072314
0.07934986444393177
0.9906111964597402
0.15746579515277037
0.758314488923184
0.7122974314509611
0.9502824713057758
0.09221339115851301
0.18046257171997515
0.1933045999013283
0.9897539169144032
0.08794613488066427
0.09959218250910828
0.4765092795240713
0.8495751959791383
0.7579506745564282
0.8159219304373281
0.9833104142904948
0.3584027829941928
0.9591310689330148
0.7757227291304463
0.8927822269674238
0.09139263083151805
0.5666289656325579
0.23128813402523163
0.2673011133842915
0.7395033923744767
0.8551024749947209
0.7308286167202978
0.10075414209946143
0.503414691752161
0.3475905386282889
0.34304667305216574
0.968688362941799
0.01331059057450612
0.11073470334129287
0.6502290800028572
0.4837685676898694
0.9243753753938179
0.8966579758745415
0.8460096347818707
0.2228449880806509
0.6617550341483852
0.7215032682853068
0.908148399286998
0.011657899974413133
0.00476086021943567
0.6991886526362264
0.5036273807386842
0.6923577168121093
0.23017730674023185
0.6919095148260314
0.16406565590046363
0.37426696108666224
0.4228130435619524
0.10757868284533056
0.3952378442921708
0.8944883283539031
0.2095829167105454
0.6858552136911986
0.29444702741307704
0.916268527509124
0.3016602367378104
0.5904895259199766
0.804341844850469
0.8733146314904626
0.3799484684664164
0.18620924718271958
0.9270831060692879
0.42042745102500534
0.6879151324980802
0.6918789026859679
0.9166136992033754
0.38725783366710365
0.6678075372527343
0.05177937176752734
0.7476473178756656
0.9411602216650978
0.3757143377385269
0.38941091887414325
0.5742968286125686
0.04453946996481384
0.40456220046872393
0.9518736553458788
0.6375848151491363
0.8771744560222362
0.7181983399699634
0.6033658581827528
0.22538080788560977
0.9974318025637857
0.4027977247313953
0.29272349868120506
0.5972353137384808
0.8605319383952188
0.011725836878003881
0.7863729674412057
0.5651090868408023
0.1347221360099673
0.46788652431357847
0.5863445093202533
0.927143768173458
0.4322781703577784
0.5186660905303907
0.37397537514287604
0.35354709940167517
0.4847084155448028
0.5283616441406784
0.2224387116632619
0.9898573810281258
0.6037977617486885
0.2262142068561417
0.3946883511963769
0.25531259463927947
0.5863454114710519
0.15125976117510875
0.5640021232609543
0.23292789293666427
0.4408496198712507
0.4814717531521412
0.22910906448582402
0.8122124902665285
0.3618728101689961
0.5082113867829294
0.16175475603266853
0.12594909164700396
0.6083505260894702
0.673773137502362
0.019694327383301347
0.5754164843668336
0.8899277320413798
0.8783010651388186
0.6421738215400357
0.1441712568585728
0.14259690899129418
0.3673634702308177
0.16410797640317354
0.17428803457662156
0.9047383577266574
0.5375367575921999
0.8254254237004132
0.6679113086175963
0.41650547579776587
0.30364851536032833
0.024944318539057098
0.6070699748548034
0.9612510916186815
0.7096694303248822
0.6746162059223578
0.5489447958647954
0.4887000275778348
0.25081126736302506
0.6087992218718236
0.06180310537583378
0.062095047989547236
0.6476648979914359
0.559463859267716
0.5266470319899169
0.11328898637933571
0.09362474206839544
0.5997206301122502
0.7598462594374709
0.9945463608285624
0.3733253094207586
0.11667315789145372
0.5353098103945875
0.4035386705062932
0.2032501336318414
0.6293648184448192
0.025534177347409703
0.02353900695815858
0.3025744709377771
0.11018074819536483
0.08175331129461516
0.5350998949962071
0.7706271366128032
0.22437681382412134
0.20443578729195233
0.07944022429868203
0.9568862195550104
0.7158147608054338
0.02584739504990108
0.19943656000662124
0.47465858278851425
0.13383570937996325
0.05670039078859357
0.9557582398758697
0.2918673423835775
0.8655234024845218
0.07047878470997404
0.5421521447170693
0.8520389844153128
0.5800176929067979
0.2653945344291021
0.4891260758843734
0.7578465870268106
0.6151288203298223
0.8166825009253955
0.39523299483378116
0.6293811573735866
0.8318223427470736
0.8977604248548929
0.885358097823457
0.46332466010143003
0.2959542126482171
0.06230096201928248
0.7724412709008498
0.9908906143115053
0.7213415590940039
0.6868145362137759
0.15675057821965643
0.4117664485029403
0.8386358063621336
0.5305115715141928
0.9167781335743252
0.9522513891772313
0.03301002272142395
0.5091406957747594
0.3608679711376571
0.33598699811624444
0.7435607941757439
0.2551182798072896
0.25149354627672715
0.9138139963486716
0.11543106999615782
0.5015828588770193
0.16509989361469435
0.5000952963549757
0.46795791334344417
0.17708307660460032
0.2672597323321526
0.14378436145292417
0.6301201741649293
0.36328385325711887
0.6720185566040046
0.4689436466219009
0.030583760049506248
0.30605541349456267
0.5250888648481697
0.9016046152322572
0.8892419607667674
0.8481670485738293
0.7681343939649428
0.1894333238649747
0.6274224079931592
0.8177627082379914
0.8136439927915039
0.09757618929351164
0.8776555488304387
0.24829974645549047
0.7896703731828808
0.02258149656602948
0.9255755114911483
0.221206576362305
0.2329557398212222
0.1698386437918311
0.3354786041056511
0.8581382352770175
0.6540868711206183
0.2842869655818956
0.35411084215346234
0.2727228293732227
0.7480311964986724
0.7590484795468178
0.8195441015634357
0.9619211603403058
0.47781339005366075
0.07034581157729758
0.4387543826844993
0.4855235923369382
0.9256239909899212
0.25274373463004285
0.18469411589922902
0.7951943587896628
0.8784997301556389
0.6583700383612923
0.4442271679000901
0.28068580152515465
0.4115952164310004
0.4158033017670234
0.5142930131182596
0.4032022884848592
0.7695594825016917
0.6465937409566488
0.7007207036343976
0.6713986580187701
0.9501208318625761
0.9260549314276112
0.21074337351267514
0.17148524684640576
0.6356538942654262
0.6583625948128102
0.5614532553088822
0.826291828869253
0.881614874601094
0.25914772756611104
0.166290443608337
0.016988198229814455
0.019321174493899917
0.18888986954975306
0.3984039323066797
0.5628705231348636
0.4028525000747176
0.3494572688530566
0.7020029868820822
0.05011053231779061
0.48829286759718893
0.8252207866320588
0.9679542510603777
0.5454102659865281
0.03378022311611162
0.9597113711146422
0.2540473807299073
0.6844995228669127
0.9678055509909508
0.42952214852580484
0.013319873512081526
0.9413353333218035
0.5875459950435579
0.6033533670907933
0.9712119719408457
0.9688013307638048
0.038428925306265405
0.9036490579578744
0.3060084068281015
0.6251308912154888
0.7676052619849049
0.8251736783648058
0.5346757182472337
0.3051577772501066
0.6735486438452866
0.7900703502974785
0.8131115387871178
0.23103883458178265
0.17481381542341112
0.5646447177567099
0.5749155154563389
0.628754447888089
0.025749881433530297
0.06392802696236077
0.59244352599447
0.4844501678084566
0.28014157342122126
0.4124575073014596
0.3330478333517113
0.5809387348419103
0.388377909278919
0.11182141059331685
0.25841380716131224
0.5761134952741559
0.16694700283463593
0.967547560840088
0.40521874809376424
0.39935935896136265
0.7329411251754103
0.8125076613496687
0.3486477657613545
0.6699677759410603
0.07818706975176248
0.8959751531541027
0.5136106282640779
0.11093101242296599
0.004488648575937004
0.6678358026334981
0.19863678646188776
0.8482624570969653
0.017856364669743607
0.07895824398123785
0.011231561834946446
0.04672717246779534
0.8784568935260204
0.3350566537493366
0.8324251031510835
0.314813215836811
0.6251451843513128
0.4020605280850923
0.9663773077805989
0.9949006472186074
0.327000111348852
0.8895737354350529
0.2650831455850221
0.874594400374186
0.3488250597352879
0.9624713970226084
0.7317363627258395
0.4332493607129948
0.017651572082179046
0.05620949181913781
0.18050668449762308
0.4855437892460722
0.3227374811339485
0.6415141149103717
0.555642939708402
0.31331741903889065
0.8681157183550356
0.7597831435818274
0.9661835398749885
0.88210644457611
0.028026539262045236
0.7099143465871591
0.03524747075158885
0.763848079215096
0.8062123114471926
0.22856424402157427
0.013036087906373561
0.8699821881295988
0.9719850516506536
0.011262053667425054
0.5859591998576307
0.0681424810263388
0.1131680711136891
0.7588226045891413
0.7651791214663596
0.26824478964231724
0.7023307465620765
0.20218990983597152
0.8853189656968077
0.614835720732293
0.6120854762384232
0.6956511552129917
0.7405331921978325
0.5323942495202343
0.5915521613539516
0.34885215987367557
0.39483384915142994
0.06782273417631379
0.5664930258872042
0.2972068725703777
0.968979890769228
0.764442874311875
0.27120486449392944
0.8329187690096874
0.5320259286060771
0.6943210628412804
0.3758102569083418
0.9688737998547943
0.27442862915913635
0.3755357338027374
0.5442327914537659
0.5155433350764225
0.8638877881326628
0.10247130004585725
0.1377464077969306
0.2172402766696132
0.4407655074462907
0.034463502857049244
0.6473237755408207
0.8196554431045895
0.6671911334149333
0.26836951507306595
0.7411282224999469
0.2101256812215918
0.8146754370192593
0.6061067654986099
0.8249891382467637
0.6478602534853781
0.9163115323136003
0.1878302485649599
0.8553274264780572
0.8308459636801377
0.5556081322080757
0.3392349757570847
0.9471881250317066
0.6243426002096052
0.6271855660660909
0.05439280038657335
0.6913645311501819
0.13662958865781416
0.7901309315656482
0.9082342070910956
0.3302431761553227
0.3468671374182133
0.4887731732764192
0.90681888450237
0.06688367627296099
0.8289909569426193
0.7723146947309194
0.9265655216910498
0.04479768704148046
0.35560929292746524
0.699247972671097
0.09155807903634194
0.20340514545315902
0.7066622479270921
0.15155542525828025
0.2904153816878188
0.6242764361873507
0.16968104410759266
0.2721775920139715
0.4315274395177383
0.5641054696792153
0.60871394484546
0.2863705724154477
0.007436550527328389
0.9110939117309331
0.3331407021395114
0.43788496803052246
0.3864126532993203
0.9664065196233037
0.4155134840546464
0.07477657712575858
0.699641270840402
0.30169945413174504
0.8222866978073055
0.8835058400291755
0.5686024618283666
0.8265382748703503
0.9623311313213557
0.014998244310603148
0.09548391662850297
0.5688448921345391
0.9835466268932163
0.07592322537954477
0.11693799901314095
0.4073532155025861
0.5973013708991909
0.17270575945041933
0.6114511753881303
0.9944334327261245
0.6428792410269619
0.5044519433074997
0.9538513038460277
0.21297792971084473
0.8156021600285153
0.533955674411587
0.04363192868333199
0.24659964490462927
0.8077476396908136
0.8654978771374631
0.07891810439087665
0.12006323798676499
0.41731490323568887
0.9827456966494917
0.4233583986549825
0.5053051558860698
0.5469746968226021
0.3221708576449155
0.8698683063437603
0.7675657436019576
0.643612303979262
0.9836010641557852
0.9926875488566639
0.4833942276540899
0.9137959315120818
0.7157701880655797
0.990829217156929
0.1129856527812122
0.57601948394559
0.28916086776349414
0.9890222721244225
0.971836794650791
0.04030962622998169
0.9665404088604673
0.42505295281588307
0.1537547997085933
0.9394203480890625
0.9636472510533413
0.15047104087138918
0.538862478967087
0.06686094934501852
0.3592039959412312
0.6604714956497372
0.3960365526243843
0.8406458998544591
0.37031685087371413
0.3525773235786295
0.7794946603138592
0.0790176819642201
0.4205571865515447
0.8832762036675191
0.6175666673970447
0.802440875203501
0.20309280956893294
0.7528511599852514
0.8438844124919391
0.06828844215125363
0.3576339069853631
0.8077642076287932
0.5820399334985992
0.6406739878821996
0.7947970627008063
0.7323447277440126
0.26245740171511667
0.9475103780737315
0.4648480009458308
0.7995269426391881
0.5790807429165221
0.20598330604791648
0.25113833256000206
0.16717337263889975
0.6464592636930158
0.5304612390918367
0.5003731400084717
0.06441376793545373
0.4401402178296374
0.5701778296170835
0.2889823002865791
0.14269011284306443
0.31250121958287447
0.2158309131907824
0.19359073457434028
0.649235714878892
0.6174869348815518
0.06495929813183532
0.2362735492890119
0.640999372077799
0.8877508691765787
0.5762067920485893
0.8173452940690733
0.9689179492207757
0.4548059881505496
0.08840690153201447
0.793330196716836
0.9144503074529865
0.6051276417167043
0.9410096439284499
0.945334413858139
0.5289426090579656
0.620303723252008
0.31697605502458426
0.6444170260077966
0.004616918711246587
0.9710429241368997
0.6008495983449836
0.913838788791479
0.22936184957778472
0.4020873091844672
0.3671232570748322
0.44782389639626596
0.30455944453561457
0.9114335977035292
0.8293601351057309
0.13701162937760902
0.28928269410438046
0.4987176615126986
0.7444008389564694
0.18558345218102035
0.7631804365530143
0.8459590518236533
0.6466486501786302
0.0355680588090983
0.6006877543289533
0.8485390532325985
0.24582090993604078
0.7053626035254223
0.501345662612912
0.21032696316493182
0.7701185060925749
0.061813119060476596
0.8898126933463721
0.4680085700674358
0.11726349952560122
0.3660116624370915
0.19395132382782165
0.33948148035942693
0.8481666594946018
0.3697292601150136
0.5474469436471958
0.36670473764432165
0.7090230287535485
0.7145051566129751
0.4580241203828407
0.5284230302305107
0.44722253751037755
0.4794558384813683
0.9810687604523769
0.7342203362527386
0.37711690417598087
0.7863002639799617
0.1450729689733321
0.59128832264511
0.52073501906396
0.05704807872747053
0.1150496119293426
0.9929811681702528
0.3440978610758063
0.6821279956088303
0.13289373322541964
0.8811567855526388
0.7617244121883262
0.3686364009443973
0.7390957355419888
0.41480404776853086
0.25727114075176705
0.28025863539600837
0.5076345806486762
0.30049254182051466
0.41337047628884505
0.5218723854990893
0.858117496246604
0.28516047449009885
0.2941131798603337
0.41776854304060573
0.9257359753528314
0.8908518870494089
0.6972791402221843
0.31231262338415156
0.1178248414206946
0.5855737812374191
0.7683146852522998
0.17083021542598742
0.6052257183191643
0.6881510849846598
0.33846762279039544
0.49150600405785505
0.6524548111254278
0.11180083197523649
0.9799887220766644
0.7550743969814093
0.2194886612328696
0.4898922261554045
0.9105286688184334
0.25970527898843276
0.9151026149527635
0.2741937593148519
0.9755355169570368
0.2163395205092885
0.29335983083319794
0.39376594417879107
0.327128013244704
0.04147956751810622
0.2650996728477686
0.40074825799783953
0.2271009261486142
0.8032996022507717
0.6797693455019361
0.9231869973327009
0.8857842093845923
0.8443399003237078
0.8037566125557571
0.6004998050331739
0.09689988726861432
0.11530494152937054
0.14189520180833037
0.323247999579897
0.6998223463040291
0.4368045326480101
0.7403437109944646
0.6672831685263704
0.9448903237239883
0.4518573652144503
0.793724084617666
0.4324634023642935
0.06589221982000515
0.5561838188460043
0.6514473345648532
0.7079382566954304
0.6573250876472397
0.3294322451051014
0.3586811784738667
0.6902102097618372
0.2966708259328532
0.6103636946946064
0.8209890677270777
0.14410290607745468
0.829451439490274
0.06901372139098094
0.6541684277753419
0.6652932050526833
0.24966772334042175
0.6204308605184146
0.16645733077051506
0.7409105200981215
0.682138726633475
0.8602672207563432
0.471054744707342
0.715971956469275
0.23249227699612496
0.08738746047974011
0.7224028440605013
0.9989356726709689
0.6762598568933937
0.12207366008113685
0.41047522133785386
0.20158675739641285
