0.8129406098096423
0.899947836821654
0.6590756719680829
0.3699929614204437
0.5440051363145336
0.6302290326030336
0.3910215807568811
0.057960328991049415
0.33978251371172286
0.13537567941713446
0.2099913407871855
0.45254613678352307
0.23732195766940078
0.5092575881125954
0.00983031346436003
0.0015183759902829275
0.030407689161660367
0.6250348960370162
0.08767739432878674
0.6383393856878258
0.2091574849939244
0.1158393204458984
0.8631566653797329
0.04726217003590294
0.541739088468366
0.6237881557747975
0.6603806106116743
0.2455408374437218
0.7275968628346725
0.8561649306998455
0.3250557543591761
0.27643385143894206
0.35009460403614245
0.20176824718357866
0.6596299569815417
0.721048369658262
0.2760426455750782
0.11457039839700223
0.26730782002907627
0.7572314867609728
0.4014593437501758
0.13356077465319804
0.2390251000167598
0.25503290680985324
0.17319155144367537
0.09199032420090647
0.1659289864863711
0.22649692173052016
0.22101397296323688
0.978728476865682
0.254074842218765
0.7283533317272715
0.2937661238004746
0.4186898279732296
0.07167236571818458
0.9028729910897433
0.5928427221386476
0.4399592039512057
0.4443752294923272
0.25648058158771836
0.7082151176326417
0.3908149592654505
0.04872053041556601
0.5652647577233022
0.5712970598976074
0.8845430524626269
0.48015554594597654
0.19264805865322765
0.8647022938762323
0.7354472160304328
0.39004291202929364
0.29312428183957095
0.651571365867232
0.9433983207368469
0.8844121966205
0.7322664478788735
0.7466887594540166
0.8537310883497883
0.018210724810125645
0.7736955105011385
0.3823823453508566
0.769847160491996
0.49417929944392436
0.7356776075206443
0.5925137407289092
0.5123490485744396
0.17193458661089
0.5203429773166378
0.6778296798622749
0.9721320158259825
0.5029274338428301
0.6394151727734824
0.6765415672331486
0.02486930499383322
0.865709893933538
0.865706375801139
0.5015860789350427
0.7043144579175071
0.535844204947864
0.46578067014871904
0.1608268111127943
0.180760553627065
0.40050047289695123
0.3728826629830502
0.18727084039532416
0.7166785254633397
0.08414287691647526
0.5187841965159069
0.9460838097001224
0.8384934547905747
0.5865792088829359
0.3370295224272921
0.37043472692170887
0.9327352970950461
0.2254713536688372
0.43540145530027363
0.3583920085964515
0.2766331452923597
0.29990292342084945
0.48604606026670205
0.028219720537075776
0.10593251611342647
0.5977864307101898
0.8291028523188796
0.6949749703947591
0.1746658973944808
0.9699128165495411
0.5671819220935672
0.4158393471329239
0.5581374407100114
0.057881503627747244
0.010959277501062514
0.3373710682324661
0.43635031594362617
0.8413818883043269
0.11409238371276076
0.8255658497241397
0.43133848973543143
0.5847407521968366
0.5003563103487298
0.8665109225557234
0.8576892960488783
0.5454273858086057
0.004900446403248826
0.3409861279684999
0.5918703982769667
0.2524183019180949
0.20987619786892697
0.6239271182884115
0.6185901197104993
0.9965965126358269
0.5400402618328902
0.5985338891622801
0.2853188742835774
0.1235451580640553
0.920313992340684
0.49876618986299426
0.5578387331006016
0.29254633311757294
0.8680912990965118
0.09275776394868829
0.402689656514178
0.2200713293660177
0.11954198343693079
0.4682505045577543
0.253096216082369
0.5289205663249003
0.40889988560085244
0.0036922572509549
0.5126085317971284
0.9232472011154982
0.16245843784816827
0.7746299418457097
0.8698606143652446
0.9474607617488966
0.379621623211547
0.3607568893934979
0.38678044237169784
0.8560578191545826
0.6577086545406293
0.6522641689129859
0.6543624125329732
0.8817522932274073
0.14655272594256985
0.14540129615218056
0.4426702551637678
0.5577546506415773
0.513381513004674
0.8844472697199114
0.8507150643155298
0.04167048028673659
0.6335490545414464
0.16927439787480103
0.9450355366975848
0.6484931052403239
0.7311304368228478
0.445362647892134
0.8360791743223361
0.16507088241939072
0.7261800524631006
0.7953757741622386
0.29557983030775636
0.7523396468653233
0.44382145982943755
0.7585765386672022
0.21307655278023852
0.7877216826052972
0.5788508301058466
0.13173104931752277
0.632852725431513
0.9257797731107327
0.5164702984990067
0.2738911202400268
0.13139684918663885
0.4887804077710428
0.6008631277184876
0.18565204100776078
0.676004816926121
0.1475390008406504
0.2056549558163715
0.9007660917454827
0.13627285001667389
0.7530792745845726
0.809015879224617
0.22913480443701095
0.21543049663603198
0.0479386737659645
0.6253711892960006
0.4342624885821693
0.9981655425861713
0.3597902630124178
0.6459366242090986
0.13435189142661785
0.9015850757045675
0.19230114102978624
0.8320689010734873
0.8918648721542677
0.23696572475109778
0.36504349625478116
0.8338617284602928
0.5344569196861957
0.6616780649206381
0.9297878605889006
0.8360953177637429
0.5959944466780573
0.7999052828131518
0.06819975034913717
0.44756338815701346
0.5744629498854574
0.10291988986050149
0.10745814493282202
0.058354182137806965
0.2909806657562384
0.28955895719838576
0.3206643950736764
0.03848176269216941
0.23400401995074194
0.0847237717974817
0.8139018999865403
0.4173649634897917
0.23648912717148685
0.43954591838293056
0.6428945137847297
0.2842660463845421
0.008292548665017052
0.30213970571521387
0.9098167284402945
0.11292501621687245
0.05379677648423842
0.06413694564513495
0.4839050012904348
0.6687052180990708
0.6913289637753809
0.3662931250240101
0.3967784287797743
0.8422342534979433
0.12853544068919864
0.6993434969639051
0.894851891643383
0.4199309441433926
0.21265956125531493
0.26360378576979804
0.003463236112998258
0.4659732613563541
0.7687197457225458
0.5158712280582477
0.8593188877955943
0.0800611721201705
0.13965905766166165
0.37265956983638393
0.203437437068977
0.8767523991624225
0.5332625853173387
0.471082909183425
0.7470457955483829
0.8016500340584432
0.4631658246280619
0.16689655305525852
0.6933376214212202
0.18442684106576024
0.01725596150012365
0.7163892022032694
0.6184402821080826
0.9447427485380333
0.10674260908772104
0.25159602525017744
0.3626641103371825
0.30847671534933563
0.6710301561955647
0.5719579286017428
0.9619417893794283
0.15446635079974735
0.8476000699243279
0.6477403381210322
0.44889240907696293
0.9190018954503727
0.6220787117456287
0.5061414652500611
0.3366693636236814
0.5547467269643109
0.7875909053906348
0.07456292139696852
0.46066797254245895
0.823664566281572
0.8624365746054814
0.4715434557426885
0.5353680212855336
0.563893390493426
0.7021681945652151
0.23628418646573923
0.19996604464245826
0.04115650400662729
0.7826233744065282
0.044758434471612096
0.6410788625753847
0.5910987614561016
0.6279381932314964
0.36579461106192
0.898908982661315
0.16921028682815775
0.8602756552687421
0.04758851136461961
0.4179066465808807
0.9746098893242721
0.0808123662544733
0.6105675854846478
0.6002697033160217
0.4702458229989087
0.6611400213634903
0.6477729847585418
0.20778036240312403
0.05514354655907305
0.7811561129050241
0.24325831398351871
0.3704976886640995
0.5293057400983703
0.35236099460255166
0.6317608089892539
0.606703765548927
0.7840253712343072
0.13364407468234496
0.28090499661535717
0.7180848921592796
0.5816130042603773
0.47758118442897757
0.6103863389510209
0.7452082515203405
0.7381465840483235
0.7484772291851814
0.6224849951902638
0.2554692442167664
0.002863904622765423
0.8938492480933647
0.8950012081154894
0.6495112767337783
0.09839208496114027
0.16985144161759147
0.921591295201747
0.32539400154048903
0.37333552449874896
0.16673753380391654
0.6718064781145251
0.9525765008971748
0.48043942142276097
0.5529109127106006
0.9999332142631818
0.921068972841287
0.37436687183510553
0.7189676854633844
0.530692430648947
0.6169347904503923
0.2641368469576898
0.5307054829020984
0.6675811790568136
0.5410016518439631
0.6618325578435158
0.9937550510591862
0.7808922818256605
0.38060293708155757
0.9653901216371276
0.18168439617201937
0.2460387051441596
0.35197956753801185
0.8342603990821377
0.7677576143657062
0.26486547257529536
0.8755480607294224
0.8341230564785508
0.47914424936927924
0.5616140182826052
0.6094133941502781
0.5124823027034221
0.14731133682210873
0.686437443434238
0.2643206074222446
0.5687770539003154
0.815672925084863
0.4186650441210341
0.43664473350458655
0.289440016927067
0.3454395801632456
0.6323197007799204
0.18492775607726109
0.2053742280087033
0.5159272701581339
0.9571253720805476
0.39080396540838414
0.4000962302198309
0.145557789366483
0.26980147085716144
0.21170764060576386
0.9436944311979796
0.9294357751719933
0.7587440609116959
0.3061383836713253
0.59294521810725
0.3226515395503837
0.19169945518914788
0.08411977579554919
0.45386148772944523
0.8291591216720993
0.2049092797059604
0.1741398147041614
0.040605727212314036
0.30863297895716413
0.517374853691706
0.8971565704999094
0.560218983902978
0.7588801954868891
0.7666121829180759
0.7148768249264043
0.019358506954022747
0.39062372036088977
0.17096193976190444
0.7678260253053208
0.5535097138985451
0.06179959225592668
0.8946506017067375
0.16729374772697403
0.06823087530588223
0.4874923024270249
0.35212766471984414
0.853129954399305
0.22371959729503377
0.2809159001544247
0.6562398115235772
0.6746462565249473
0.2995221330387312
0.41958494826562276
0.46459367906189053
0.6754972869902475
0.8347817330392787
0.11787060912733516
0.46090517058472624
0.7914065207730491
0.9515987005208851
0.19195645469202594
0.38986959951308553
0.30225057661381116
0.053575516023476766
0.1958716141162924
0.28348143683740756
0.219556388028452
0.105637740177988
0.1356186210340644
0.2131081498000984
0.4512326923751385
0.38957218678850747
0.32481630760769187
0.4245044201605973
0.2144627225972544
0.18555445502122336
0.2023007638148514
0.8601439405174421
0.797169915214086
0.992927464894481
0.7553580234801486
0.7048313254575168
0.24554660330282807
0.6557909288364486
0.9913071613676293
0.88346316220635
0.471520995406541
0.805341246730556
0.5547894523717726
0.016805749181787233
0.838645425490354
0.762888199477721
0.09293720085295654
0.2431607762586202
0.361249853668284
0.1471428608168377
0.48564091041638946
0.7614008297578765
0.15333208131725284
0.4518347296317108
0.9782191560116461
0.14831507728865034
0.742785633044701
0.6718231717005029
0.9858715548512699
0.7016438174971362
0.6020364535926892
0.905056920303434
0.5004804228433576
0.680245924378731
0.4326664882468909
0.8677761352138664
0.8542935006866232
0.11273380150709855
0.8981330466835259
0.20955815379051157
0.7175372621765369
0.17045156475945444
0.4800031259900279
0.7474525004664861
0.5709180928771129
0.7747941228614124
0.6989988856576508
0.3403008230867859
0.1985356498648545
0.5745081900226453
0.800376351412861
0.3899691452287555
0.37167342042014095
0.11205930798296193
0.7818997941744825
0.08453030432663045
0.527256960958157
0.3434103081467794
0.14613352886459818
0.7531232264138114
0.1700044924221069
0.33559112356791243
0.5143678392049883
0.6553278723637865
0.9800307070705268
0.39922129449823696
0.7079606455827165
0.028273274298182383
0.1435371561841231
0.5577536329004974
0.15242984064297194
0.4108774553600718
0.34020393590375064
0.02589009256816288
0.8675474018370791
0.0680643308674328
0.28499972886935476
0.3827216824427463
0.031134567720534134
0.11182626177259114
0.3292961851063133
0.06284616660442943
0.5064777806357859
0.04933944107068022
0.572730422083306
0.7016963354200569
0.7009777166132347
0.5156079318100931
0.5755806104874926
0.6580985655612405
0.73588318266148
0.377462229820442
0.09254834995676242
0.8179573772706297
0.48974959463105694
0.6053891713454085
0.6626893995650305
0.6996019815455177
0.39727430203777003
0.4306902416650348
0.8417899864352222
0.04473556256217692
0.3188350786592129
0.31583609118167466
0.44477048215401427
0.28497417972756856
0.08489921787715271
0.8102124326097315
0.06599528617810779
0.877303221758651
0.27818151118524936
0.14508080726676642
0.09079595827942433
0.4233351541639344
0.8014891854324119
0.7094999618764649
0.6312363596987202
0.8951473669760527
0.6780217533756578
0.059669824781055536
0.05691082032389816
0.9612548101312991
0.4581466868375562
0.3536160989852565
0.8482342055810594
0.4149483335308005
0.2230265186737065
0.5219682433434334
0.32288340742659827
0.36366101885191293
0.7269991783398726
0.09333135127547398
0.0182709964631409
0.8674604751652949
0.09257821121256493
0.3200432180701417
0.8169217928394217
0.28300628189244503
0.4498345998251888
0.5042509328322784
0.5273913257399474
0.49253969775809625
0.3159380281846542
0.6710007167194971
0.8591899951462034
0.0019893218797694123
0.664928933848886
0.1042619275570783
0.27597950346504874
0.7969105164975093
0.416683353225367
0.8238678261490844
0.030329699267141907
0.44154980281416845
0.6592778879672346
0.06466852768231823
0.022625076162430258
0.8771748895733794
0.6076560893685738
0.5470363387501747
0.4519964547147247
0.3407123134165849
0.904254276535566
0.8029323092666764
0.21080571275164084
0.6335871812902543
0.45292765636751753
0.25495054980998566
0.05986895400577785
0.9712955836066152
0.013152497766833804
0.5165714913221955
0.5194992263498899
0.45321428593274526
0.5390607773474179
0.9350074043457787
0.47877429977901365
0.2052430747666072
0.24193931154172654
0.32454599714794774
0.1985778989419864
0.8435588241957458
0.6143935442696266
0.6573339133692652
0.10240892599864693
0.1602573413860401
0.5824588985262404
0.027422940409130403
0.4792227925855669
0.4387934076127856
0.924809512634079
0.5158264220195636
0.3188527528016888
0.39526430809106994
0.3766007426254505
0.13588064509460873
0.09030458060238034
0.5653472066506573
0.33237923621589616
0.3096035183749002
0.5732114457017485
0.3597593185025022
0.32149551857214653
0.9431264225558165
0.44257048175413094
0.7039822027797761
0.8875855202471687
0.6046708076742338
0.09957589084836915
0.05961230355138036
0.8119428273504595
0.39413115401903964
0.6026133837255381
0.6753913150913283
0.5331944946466686
0.6867413254190626
0.596721234606953
0.7298729038253252
0.7938937711735887
0.5571964836995027
0.38184495435727905
0.1291868975765761
0.6922031215113187
0.5801940499899481
0.27994575253248366
0.5832647984113148
0.9256023879835935
0.9878616668933149
0.810377672531083
0.4722755327651952
0.12336580259835195
0.5819995133715883
0.5481671902815255
0.5879391073539715
0.5178923456421478
0.10697452526030804
0.41103610758601794
0.6336981654470698
0.24446670820510497
0.6366648656072592
0.890919007034167
0.2536605423404892
0.7138316295356224
0.571716719748939
0.9709806561797235
0.1630773157228287
0.3608218532046965
0.8101811136751903
0.3919819250512122
0.826599411563234
0.05203582514517424
0.9172888348201721
0.06099842232095365
0.21960890863311866
0.044636385312976645
0.7773260070154211
0.18873652874893898
0.43296184293700835
0.5089501258339668
0.3747547500242948
0.8655872366347884
0.4775292462989532
0.1087130000617419
0.44576718698056406
0.16443261445982926
0.9883821502783451
0.8492180441207422
0.13919602520850471
0.26894835379207427
0.021600961854948753
0.5424863501157031
0.6332232274887368
0.6554363393091868
0.572767269541279
0.7845000076782476
0.540410427854332
0.27505574366610486
0.10777528103355927
0.4022314850129598
0.4281493042185526
0.7184956876613541
0.1525983295385498
0.7354295474276757
0.8479207110935364
0.9953310916654825
0.5366630254936772
0.6785354360664879
0.676348950628895
0.6017797093825131
0.1479424755671438
0.6821843422183238
0.5219803934691362
0.20888659921666386
0.5692781280047292
0.26098407434805104
0.20259287903595447
0.12137765637011
0.4383137081106879
0.3968702743741739
0.45810739795019007
0.5115948225080399
0.9892509064446766
0.9479955507675811
0.6439729810486514
0.744435689155582
0.25145335775330124
0.0110013365970697
0.09836963900637996
0.7316396285315665
0.9455657079918838
0.08917327025409183
0.9367365440719209
0.35299391471034813
0.5637216757193784
0.5863659337996443
0.43359525124959
0.7730698778376001
0.3296790622443918
0.21813983754319188
0.9272609486076067
0.08394193873655609
0.8160261703517725
0.38623918394423806
0.8116037768143628
0.403701486123347
0.14987623508872305
0.7165584601246996
0.7630648535867898
0.23343190762454646
0.4087677637864682
0.6292234770716444
0.41056381589346114
0.8752636281178796
0.7048092826785279
0.4423182347051011
0.8769075200207752
0.7669959654102523
0.6344741710368943
0.23410910406934426
0.21975031060196826
0.7706495231327251
0.9113190086412567
0.811690606401369
0.931593366368853
0.8984456853314818
0.9721615869222056
0.3641045952793672
0.30220682159369605
0.3753798954444768
0.4759130335811582
0.18137463484429672
0.14833137108926597
0.7642806373782127
0.1720518433307886
0.32729353957776874
0.14407994905825672
0.8685909766702224
0.9307419155145079
0.6844234087612707
0.1294086882801262
0.8690639656779366
0.3331690988809498
0.4674334376447494
0.9552775812509317
0.34851704339911416
0.12045343286783095
0.9468214655877027
0.2992835775179866
0.37572539348896006
0.41414074857497596
0.647177241764927
0.2635416059170068
0.7443909419593976
0.5608342719946099
0.8914324428048619
0.7272805656158571
0.7075350201570895
0.029928202908270363
0.783981975208764
0.20584129188330647
0.22764181503204417
0.945030462465586
0.1587663863508071
0.6027819291995061
0.0459707579180586
0.07785809808636446
0.013197961781537093
0.18981949279621346
0.4440851422021582
0.022175139950249445
0.18228109494438471
0.5784713293655758
0.65726298925735
0.38665911305788514
0.026232175898828758
0.3043244682020324
0.43246553935143617
0.36107550655988696
0.3809690669921145
0.05990401611573182
0.8623133344781154
0.8715529047071352
0.8828138070543152
0.5980079165807612
0.718156350829658
0.3502897831751859
0.7898343399846663
0.16798928537475277
0.3122318205074597
0.3426385574880384
0.29450043622776867
0.6948712326624223
0.23480841203849323
0.5965205223282348
0.10286873029587518
0.5486698409688572
0.5946048440056313
0.5583910482317663
0.13864575588132377
0.5757058318162129
0.0960474558291794
0.30365133774796804
0.18503271577472202
0.6379213954608159
0.38032453478342165
0.6104014768656931
0.3386034798716554
0.3522028761315519
0.939510481008191
0.10538269979151438
0.04742502011872485
0.9933190948730799
0.8633731421955055
0.6485043684438794
0.1725821263484998
0.30541806562899143
0.6461137725500785
0.28622474781890694
0.8811471942104446
0.7616436907975087
0.5816908874534931
0.4382212014050615
0.20586171339811987
0.8119783619790553
0.20720499288239147
0.5797627571978999
0.23298306457109352
0.8812656543541715
0.04233648171700999
0.16433864804069465
0.9496667068377241
0.6897301726424521
0.016650503990437437
0.07137822728110077
0.8586467593004046
0.23602690530732295
0.10266737128127568
0.043005748138756794
0.7695674382547601
0.682109871983862
0.8699467112517848
0.6478251833893995
0.5895041829586414
0.045053223423976885
0.9435530619365959
0.0885017934485306
0.6340302164508249
0.6139794756946905
0.22232717605219543
0.7950538192855855
0.42838003015197534
0.5527468960096338
0.6961604405714716
0.565013334851818
0.8507002299333793
0.23267449893813175
0.13489186423709143
0.19482094642337877
0.818909246173602
0.6814665098282399
0.35589929733009296
0.3792990075765543
0.5669100923056283
0.05511222081338063
0.18065180780668377
0.936538796394421
0.0015135217952929603
0.11381401354583975
0.9271050318286999
0.49962771945088913
0.6338028227120415
0.6300673233746232
0.0006993286809974242
0.32762671644923536
0.8715917903903468
0.17694882129336764
0.7421894609339439
0.7738148700362831
0.24863430635665784
0.4523610338615034
0.7796100288387339
0.7827993822251126
0.48834935344907604
0.21921395388420473
0.4005883641137823
0.6169276242878968
0.8269456836721254
0.16440731354714488
0.15409494236774157
0.2830056418549509
0.5543302519283095
0.12645772970470914
0.9588732890911881
0.05596851788314128
0.6793100948614265
0.2498630564695299
0.6217644777082267
0.6278161721899367
0.7011388168585154
0.31074478813849593
0.39375888276712223
0.35123790183289016
0.10296324301501047
0.9791717901070937
0.2186336478324814
0.08797067516960555
0.6890177302445555
0.7650746116352549
0.7862133389891663
0.8164430315937344
0.8373706800039451
0.10971036833966608
0.9157439890611445
0.7493202958678209
0.7819840519290824
0.12102139000052181
0.8041225057383221
0.26148399813679346
0.23608666990601967
0.8530198569022726
0.3136248095968781
0.6218890010756998
0.9537103605993826
0.10343762994167605
0.16777648459199768
0.7258893270797332
0.22897923737105685
0.43748771527861363
0.6229722157008338
0.07286931576304112
0.7081036656735867
0.7789730244893303
0.8333799306016926
0.2843280234778133
0.48349613817268866
0.25885271796853593
0.3923639998108681
0.8727112877055979
0.9502414305930713
0.39695778272873483
0.06015472100289876
0.12370554312346715
0.8673637049925738
0.12181781619123755
0.3808164688029021
0.9272119061967381
0.2977635114481423
0.5313058505441481
0.7791307129832129
0.5473163916970115
0.8307279405259351
0.05197436354800122
0.521111285310441
0.06548390682312788
0.6699857669544672
0.809381258428532
0.49423588667134044
0.002330042803077914
0.018593620048733772
0.7548814599845663
0.23234681054881168
0.10622219192745264
0.9685798454278436
0.13832117275988198
0.5547397529909084
0.24076185433555997
0.6291900666754344
0.24533023638336005
0.3886987438742471
0.6421822153804819
0.5009124953167323
0.7760153165721022
0.2138325614404366
0.4918258727989224
0.5551556275522858
0.4279309095239404
0.005170295200401354
0.5798260965320727
0.10985287741207372
0.4369056104553469
0.5044528892264389
0.9408416894078382
0.6743035122325342
0.7611139884876083
0.048626913682465966
0.5233041453835899
0.23394400822905892
0.08230339589952973
0.6776561943447247
0.8631882424249352
0.06348016004420765
0.454508656371737
0.41178423601758973
0.40497872761903175
0.006041513638585072
0.9385294465675229
0.2293151778915864
0.6641165351766276
0.9554030307110217
0.5690123329069273
0.0333017983139311
0.180740752546507
0.5567003867936613
0.7939216910176592
0.12433359586388748
0.2974062562034623
0.21144024955525298
0.3530100875717327
0.8784714539732057
0.7425799440818787
0.33354140526193143
0.18367421783739013
0.42739572871379605
0.7313079920606882
0.1238142397943659
0.5409278907150606
0.23657682824933135
0.5613502054004496
0.624601133004448
0.7847827049080206
0.2318185655901679
0.9795146861252922
0.5762874812139326
0.10050893877388101
0.002810737591615986
0.42162095683842993
0.20825147653112341
0.3844117960645109
0.1830682223896749
0.8893526012463143
0.24446789911582367
0.6603006568253094
0.8387535479563333
0.8240613313270888
0.9037567843341273
0.9056964094915012
0.5001701742006655
0.0706738000082614
0.5365705482674464
0.8828127932373089
