0.45702996427155507
0.07429131299326874
0.9817752049036119
0.06068821581742401
0.8154332408001367
0.7799129479303687
0.4632738343093932
0.7271008792950959
0.721175856139847
0.5851635874333596
0.5102352340689588
0.17769695769534233
0.6817251567979972
0.5765364789087627
0.45118135907081147
0.6652243773488498
0.6666470606548528
0.7987559683967174
0.5311820217405409
0.4108536967095494
0.7654079480503411
0.2497106606812448
0.8934916314461772
0.5912561025327322
0.8795844037721205
0.6562897256748358
0.06624207619786027
0.4617950021070275
0.19454894512375187
0.08374061179445369
0.12100549855082898
0.81996667037525
0.4945298178760905
0.10070503403111031
0.24823022913249415
0.7083971211277815
0.7367034552038477
0.6557146706009844
0.08331289294221056
0.8700907067559833
0.7974344830786244
0.7757804271584605
0.3811004763380821
0.3932772087568086
0.26843852038903704
0.8215473538754158
0.4652556220676519
0.6812545166074996
0.5034941779478483
0.07738007667377267
0.9303992204580054
0.11484502950328268
0.7756176285114602
0.8740840506629793
0.17438635154180193
0.7970368530291084
0.07659189476832873
0.3844524919311756
0.6892857738877953
0.6539253933773905
0.2794796122936657
0.24294486497998036
0.23469272502341176
0.861514783919209
0.010021371533805334
0.06851624562453706
0.6129056226598089
0.9391440543534564
0.8205757830519507
0.10820744602729637
0.010115774209557005
0.8781551683957698
0.8393863227571203
0.3282045994229722
0.69461640130972
0.21879760723002672
0.4012046114370509
0.3889710049503883
0.4597182561041253
0.8214214464207309
0.8307408549436788
0.18239953350576876
0.23337948720040025
0.10551750410662908
0.5225607453492216
0.5870877518542726
0.17252861602215197
0.2544095105657268
0.8780179250464422
0.9665688653784856
0.10838915813677297
0.09507147824347117
0.166055868239536
0.8917990758058761
0.08997748580585019
0.31114073807342246
0.8735109708849197
0.46860019673717235
0.05969551336741441
0.8051479048221936
0.8998766349083689
0.19479045949322837
0.9540818237318095
0.36209521074910944
0.5631352749009781
0.43459897667349756
0.8556896240810253
0.6714000182536791
0.4160434988569137
0.5557456245787313
0.927134102667022
0.5163227143626873
0.47051700051116896
0.5072147531740735
0.9745796174168186
0.7901931198812904
0.7727173011342563
0.4055323162889255
0.8168653397982616
0.6472873068575845
0.9498427635460773
0.8673254287628273
0.23029641166294634
0.9179634492054923
0.8187876623581084
0.4251857460135985
0.9332008192585955
0.7386189586913704
0.7231783252301873
0.30476335353085227
0.3589118502567109
0.877197229889022
0.10492859772037222
0.1109158306360849
0.5531043031303576
0.522535817961405
0.9999412915219423
0.8139552577010056
0.44250660516956863
0.8250565466159752
0.4033166370019978
0.8626381071840512
0.7252025578852849
0.475158016977715
0.32275862472362293
0.5026667030205388
0.43827766219945063
0.9793842834026185
0.1422848783160059
0.11814754078071676
0.6300526368733268
0.15440043888586563
0.5912432753878462
0.10294151069106161
0.39618682416844553
0.8593822234317788
0.9018072309054594
0.7425897348612676
0.7557657870001431
0.21086550365037637
0.9250245181664565
0.9177129687910502
0.5228718771302002
0.7002353443743768
0.4367522835432114
0.8935315348769052
0.00202509196271472
0.15784699432526061
0.04562981216654205
0.911697160912753
0.8565206749046255
0.2304842757795269
0.8323806402538029
0.681848328682616
0.271503796751963
0.7802251442625329
0.8616792038973452
0.6058775177094509
0.05074427042135832
0.7686576870065083
0.2858913552231235
0.8655002329887986
0.10843539140804648
0.34691819367981247
0.32442224328040703
0.6085185811296501
0.47197823491646373
0.33856138828227045
0.24542111549307932
0.5306475204225692
0.30184985591118196
0.47279491822006314
0.5888601688248846
0.8043933900809741
0.5974658550275782
0.7935953905465621
0.13332287883554228
0.9930003382946617
0.428258002323087
0.1719653153434284
0.16836784060322474
0.29168217994451506
0.4589196168333951
0.20322329440086018
0.9379320817416859
0.37053600615952986
0.4203130993717874
0.7517426214433771
0.06264380514162549
0.7712342525434384
0.026787075131295635
0.46027294887809245
0.7452607514041555
0.29991129289260576
0.507884272936253
0.3157172045754577
0.04664524509150891
0.2867413439762908
0.10176447629643737
0.5025935372531309
0.5923854374402108
0.8580785698157869
0.17680544992645286
0.2900178047836537
0.5118788710744054
0.8659389435493139
0.18253436746606067
0.049503681846062464
0.04341427786151386
0.06991316918360735
0.5945081023292925
0.33103113541157625
0.8221830749388798
0.07853424336307091
0.40883453816248216
0.20307849402500255
0.9270363413163951
0.06693131595849566
0.8941353499457115
0.10517539103365003
0.5167610774382716
0.15516465638847576
0.8469787037528235
0.9300950108448841
0.5369852623932918
0.644158380715797
0.16568839320093443
0.8476864573384827
0.10399260721479597
0.8843785096453692
0.47328775868817263
0.39074887667500413
0.17308134213605086
0.9592177126708054
0.4486454825589036
0.5427271397546211
0.8038636735174799
0.4295762023216513
0.7849049486207278
0.5163514282646426
0.22594744372154352
0.6826131804264753
0.6566156009641448
0.6659505998068526
0.5422998557608958
0.32311985410491806
0.11422880284130288
0.8915663990791797
0.6292827149631744
0.21476507829135139
0.25803498819835347
0.9361934569904894
0.46000576366791923
0.8923035462199587
0.2725501657145525
0.9859549389636835
0.8666138440892213
0.46240461883840556
0.10195836518094681
0.8272098542946672
0.13904043576079217
0.9010103186235646
0.7962595230445957
0.7193046856726978
0.7814576589859448
0.2635279479387671
0.29330761653460025
0.4340376398750626
0.04787395969170716
0.2953393944975389
0.37181199175924284
0.703294836806573
0.293948623150726
0.9711169668227102
0.9384113471197059
0.5631929587441599
0.9536627273058652
0.9850929729148021
0.32214801288342587
0.42641674572325206
0.02635580121922876
0.2644692696711344
0.9490416660751215
0.3360732568422492
0.7100448174673849
0.45166027758834004
0.06395821660826784
0.5986724766340361
0.7431947203271537
0.29750333159802367
0.929201587263134
0.8080384708848514
0.09190969918006375
0.27787927745076557
0.44785288876321916
0.5125160199293518
0.7656508847366758
0.924581144947981
0.503056767361038
0.9946578145313275
0.44863816844502924
0.9799610670499879
0.4820699363108316
0.2550490082659541
0.2862357708904515
0.8138704149929838
0.37938706767653063
0.6677334785503589
0.42290354191910073
0.8366190985901946
0.8772201454444989
0.39417258358105434
0.22976066744950208
0.2848352239118549
0.8036848130965978
0.23305566084042895
0.5133964112469822
0.5959053199552174
0.41925123280311094
0.06259948923593583
0.7173313073030794
0.5303947124718005
0.9579350578037742
0.2371706526277355
0.694297690597811
0.5629109241664335
0.32566945838073813
0.32431398686363444
0.2963769829851557
0.708254780877934
0.7021830035359364
0.7249067683722148
0.9497004002049797
0.13527284788662597
0.2360033247604839
0.9905343047879099
0.007544817372663215
0.15171886112419286
0.5049428599596018
0.8918435220866975
0.9437972132327258
0.2550376259720859
0.6370290184918596
0.38934778379624546
0.6338213546418525
0.7591318157052015
0.2731653067653639
0.16868276908331792
0.47326284517321937
0.6425506790535221
0.8313905830215452
0.33945963746677366
0.7871752331406872
0.446659071306427
0.9173652095360544
0.6634382979373751
0.34338168068913943
0.8497476790940026
0.8262260020721856
0.2422251485281609
0.012551220977843447
0.6073272508133438
0.1784676858395191
0.28788675969477795
0.6259497479328346
0.5690935461731823
0.7240408318196587
0.12924248796469395
0.430869132166389
0.20543277802346172
0.7561430016602547
0.030239322026099025
0.722134463112266
0.7192650478048765
0.04138142078549445
0.5610507879906993
0.06409258955656172
0.8951816042552725
0.6424408394692127
0.4696498030687104
0.2870632028104999
0.5093739997678546
0.9002915190396562
0.42207143427734084
0.947284006191616
0.2708895272201808
0.3475092104524289
0.6027177344520648
0.7389435291869647
0.5978792421085141
0.8826377660962731
0.35598393187288024
0.7897973559321125
0.9647822044249406
0.174744472462373
0.6772225647319597
0.16451682736161277
0.05612195190269842
0.5160033094512148
0.2947873088305738
0.09385436166660155
0.5916678779761293
0.683511364119678
0.22262133105486281
0.7557096250751237
0.15461002767748055
0.6889370905296156
0.38525973129128777
0.6815081436970437
0.8861202845315976
0.5114385506233661
0.9448522185502173
0.5892609736695109
0.7146157440036311
0.09959242617995157
0.17606077888100613
0.489224385261824
0.09913403965020251
0.01628528068942825
0.10457632808908335
0.24472689115776658
0.22398389646181838
0.89868373163435
0.21088361838377612
0.6148838948966403
0.660922189152062
0.8358699431386004
0.7246572951246958
0.9091981741303554
0.24041873019096804
0.94475410516217
0.7373859715043427
0.06140966294040606
0.21007035113005335
0.33467633449631184
0.11708424228314351
0.7118340235502042
0.3572761300478555
0.913267132896642
0.48422100123856093
0.5337776194689905
0.5960418553053665
0.7587540951931879
0.888051117369385
0.4500628959776807
0.8656593889339109
0.7766763446405904
0.7219126083774979
0.5828815938575886
0.38941255842857514
0.9099340655661924
0.5684076162720575
0.8328635991849134
0.01865138621636475
0.7617087638872166
0.9094569772761248
0.5694463259673388
0.06063013324397093
0.5490375520605005
0.5104093485746942
0.49346945757568694
0.05035569314662203
0.8015011889099627
0.581774221532257
0.9657420876559033
0.26110413159575097
0.2995412892832403
0.31098048631307407
0.9115731764376039
0.44628992801414036
0.06544991705209047
0.6720223011818727
0.7777180923832895
0.654776233193295
0.23445313249968291
0.9834756519071164
0.955260264838487
0.29592306033837334
0.47749663234697326
0.49129379915185145
0.5259229818394434
0.5968164555958027
0.8665745048890955
0.763616301359528
0.5402135035936136
0.19097539521121054
0.4966477222625616
0.7452798297699372
0.04662011182661252
0.9267964324648608
0.6945270516959374
0.3722260663765523
0.4088787033979451
0.5259076482478874
0.08934095884461413
0.33563949839048446
0.37774402342608726
0.02325185289752474
0.8448058349289137
0.7179367665242163
0.8812780510541266
0.3002637069847599
0.7175184941242977
0.052152759279293304
0.7080832199141985
0.444017081460897
0.03800736053383069
0.35168565131109
0.6406698517637057
0.5560367820174369
0.028274488336678116
0.7451717366237591
0.6376722118700423
0.8822057271584384
0.9531191981339731
0.07841893230326458
0.5912855198409946
0.020987401034279873
0.7286257227206643
0.45322766008785687
0.7198986155904508
0.41468809728140643
0.38261054329375244
0.8630557469826281
0.6101774197779365
0.3209962086500787
0.5370379427517955
0.2761108292747113
0.07247851726059906
0.3409978519971464
0.9126938056735389
0.37723806025517403
0.7163573149510495
0.8004250553663683
0.8487057529120242
0.7900725235778677
0.8213925765143318
0.929007010075242
0.8673027082666211
0.9708175280633136
0.9190776935405568
0.057768252522186425
0.16144361441143285
0.6655948437103116
0.8529247709420272
0.00031338874058184363
0.15351758899623202
0.3466685819879477
0.7986128345971736
0.49839389656760924
0.9329936513824234
0.020786713658790923
0.32040455008466107
0.966588275746153
0.3669145764471644
0.09096600845234948
0.44556617508202634
0.3381396813538897
0.8587066757140158
0.3426038482831554
0.9757833027229684
0.5465434878799362
0.7305350188379911
0.26450943987545683
0.7644949707657546
0.6564666779809732
0.611007685764073
0.7266599725672439
0.09993573653112553
0.9298572737442019
0.0974661788874932
0.9031295023417986
0.06358210260193908
0.7431345736164271
0.2722737605571639
0.21607172387106321
0.2997350462787661
0.06704803067333354
0.08504962868017996
0.5037325238580651
0.3615605961686025
0.14669429905118436
0.3921109837393125
0.7997225541889843
0.02079071872498961
0.0041688775264726585
0.5333804264579827
0.849210972523077
0.44598294332234223
0.6135968664445725
0.04747583059698823
0.4632815103664394
0.32704689039272994
0.42502762043235287
0.3102069025163363
0.27451811344186916
0.7371917788190413
0.6125818768027054
0.847483258656554
0.858171811238318
0.9172677042583923
0.8765641360485723
0.40200219953345384
0.13433114982771088
0.23974916476687247
0.9567884377022787
0.46169444997933495
0.8377642752065573
0.783343906241387
0.30532927561702883
0.037183990811045176
0.3804297675937469
0.7308658529851542
0.7951421989708315
0.5794440852850213
0.5194816433722164
0.2826063995884537
0.8158193298449748
0.7074323392278732
0.08068319469921503
0.1456103486367818
0.29980486062903544
0.7211227342012235
0.8382742194039315
0.5339896069362908
0.5228126570835242
0.8397143407891492
0.6637435471379342
0.6140111948949407
0.6336275981688704
0.04621906272626697
0.5529737983658723
0.8433969235152039
0.6799903197256623
0.1149193956941289
0.8848579669111636
0.3884187119492104
0.5574154026934486
0.24696946831492295
0.34224892297336307
0.6709865763776922
0.898788948664289
0.738904509541778
0.17541900585050174
0.8568181333200455
0.8864015921431124
0.45887447968979056
0.7977239005595428
0.876274082890522
0.8536172121533387
0.9210792734528789
0.34002146784785525
0.8251571737829376
0.24615091032993042
0.7894336082276427
0.5836939789508986
0.27644074286178144
0.2068342092011869
0.806572727444703
0.8895143765348407
0.2584159099413327
0.4853119724011964
0.2390742809676456
0.9276244491190196
0.19393768715210968
0.9899614806796816
0.602584207376984
0.005993894191275939
0.3678233738713673
0.47410165100345125
0.6452908063162868
0.9065628084320752
0.050790496397693174
0.5689446769290993
0.8047617826260711
0.08985821400729821
0.4900240945826907
0.10595262369290537
0.008916875924258827
0.0878071775562379
0.6654080317482945
0.5523448528007363
0.6966153639501452
0.6124384027867845
0.5627899336489133
0.11401176276803615
0.12322955001174996
0.46624899408309717
0.337007978712216
0.9356341608273013
0.9176175597418379
0.8024794038457078
0.2949304977760463
0.10523746027707748
0.4346499363746642
0.6911294888486899
0.6940262174415908
0.4328132342457256
0.024151073713897464
0.31401857576567405
0.22715755894135436
0.9478655860206449
0.2380694883760447
0.6136751968579439
0.6278404896410475
0.7736711604758917
0.25165605389807766
0.7379829169502319
0.25093858574965966
0.17982985152486153
0.6729291048206347
0.5459346800699011
0.4073442943611302
0.20937381061405824
0.7864940642810213
0.0633066787816271
0.969642813813469
0.11715382898648374
0.6644119450495993
0.13819505606591398
0.9277063415829018
0.8079350858457995
0.7836501824237498
0.39448985961727334
0.13146158144333975
0.05231631541970094
0.3108791434270245
0.9763489827501665
0.4116181835678978
0.9936065055266787
0.600500906405363
0.36219697247740446
0.2968945862769745
0.841681007220616
0.7222402826129867
0.45261044782260906
0.2777842619191445
0.5890879554733573
0.30461329720831554
0.4946923197130718
0.4804521166313742
0.5062559050762924
0.5492696212820509
0.41807659763563465
0.8680399531745099
0.7363964218134683
0.17656577108043892
0.19400566295873245
0.9847962932376588
0.9302475012101626
0.4950944526449169
0.2028533460069779
0.10942853982627809
0.8256932586754441
0.017604344177929998
0.10220971496932807
0.8781836973422663
0.22814978008384734
0.4724315073085503
0.997871209933649
0.424948509472748
0.4969978043858665
0.8619664611919349
0.5603898542932528
0.74695352662766
0.9182484866655557
0.216142471033126
0.3787806101153195
0.528742505759262
0.6622639702550229
0.11057818954353804
0.12542071635975527
0.9477381084468229
0.9170729209384263
0.2913428394576624
0.5343511427285765
0.6910182372157806
0.8009009072042154
0.9847450151779151
0.4480436457776804
0.5960589195071803
0.4275286904186597
0.316650680076197
0.01126468742417841
0.9135602685406337
0.4787046958443121
0.5545322448212688
0.3302686846014008
0.9822823337880627
0.29857952613682903
0.35040276665480363
0.2486576645843669
0.045257687198071994
0.015254329282595402
0.708829139849156
0.09357042023383022
0.6987372370162446
0.5948821212773182
0.5941467492645004
0.8364889579883261
0.5182264972216215
0.49572832374034415
0.7786751574547555
0.5186751390481543
0.6967221056243145
0.6934307381375745
0.8438376028659239
0.8899135881850563
0.4685693052492548
0.8646709101934261
0.3992161573032472
0.3640740744144281
0.1809564725129308
0.6388262987088454
0.781429457891729
0.5064616117012491
0.9453002446783445
0.015745915857238613
0.5156919715951294
0.41051606205652846
0.7603055076594417
0.7803909666829504
0.7157585157544237
0.03917154307384729
0.6472215454893632
0.6658912786679533
0.08863622429909757
0.5927533797794186
0.5634573905881292
0.3063965351350719
0.5903032495775971
0.4133811902752611
0.66202194887161
0.1303759076771398
0.7204596307222034
0.31312658354688494
0.0011902667414356305
0.26205851941432556
0.47491259712227996
0.11509826226219144
0.44105724356571485
0.07597691242725957
0.9679929877871264
0.6278340814959844
0.4810407642718527
0.31232664862006754
0.4059014272489808
0.9342734618810737
0.7128480952232044
0.7942682638665013
0.4655397305995541
0.14732745798975055
0.1621118935897281
0.8181717328054888
0.7955015379220589
0.8357158161603748
0.8464292207506511
0.6824466434957528
0.9235932562645068
0.7349467805312523
0.45138114126807505
0.1930849167752562
0.7233783667059442
0.3499173947889509
0.9059573948457508
0.5614441609918132
0.4336734375423519
0.21744969608646203
0.6703660739956128
0.83744636798986
0.9864945921463907
0.5614798901563598
0.5717999221433769
0.8578982505879498
0.2178835207501444
0.4397554890514749
0.6438920941564998
0.5950671129702472
0.7651834720288728
0.9875942208271872
0.7222932991893178
0.5223389080015454
0.7728822428070895
0.18244912072765163
0.08638831465627772
0.4170518572722991
0.027762250974472713
0.03723686475858201
0.14492735713777116
0.2522410950554391
0.45088306820300106
0.8836996742346703
0.21637885743782825
0.2484127419020895
0.6014369027620062
0.6460906517474765
0.5457369891514328
0.2737039528908296
0.6479482753464746
0.6995358505365397
0.7178525689209984
0.49411167993505345
0.3776389826700368
0.434736072627565
0.23165257269092
0.9245628914940638
0.39858711440967454
0.3310681131535693
0.399329670560822
0.04370954079144107
0.5113196453034903
0.24573239922220436
0.03559781229100423
0.6188350812582655
0.5004987976249099
0.9703207064471358
0.12350023567498136
0.4657580576013831
0.44048736415200107
0.1891337185043679
0.4217243480855448
0.5246234134813343
0.2829733708230038
0.7968443287783212
0.5102372688885206
0.7145794176543162
0.5372986708430906
0.5632145568082016
0.3353604251006893
0.058861095632182336
0.3364510764113354
0.7833880105112534
0.647297969884337
0.34744165489340273
0.5829021582487536
0.5126449940836537
0.24352406408616944
0.9153084439576791
0.8271399584171271
0.3395754909007135
0.5924090341371254
0.6408234870602033
0.507029164645297
0.07486423654869634
0.918192335442789
0.6039899978102221
0.6713145798746721
0.860619412308259
0.5337770427314801
0.9037579819380211
0.16641557848206878
0.40016271868298225
0.8783167831795611
0.4813343624973665
0.37399304820842305
0.6989424145770645
0.028983937229645984
0.5083416842145883
0.010301835495829637
0.1877170700091576
0.5362023629039904
0.9823948400699742
0.7585774540094679
0.9593488868747214
0.5416688038036553
0.44336063222499045
0.4103971947731613
0.25606246180084014
0.7396853769563005
0.8334825369861343
0.0306704443105964
0.2826459887161441
0.14935208100475017
0.7111922690332929
0.4042931950911559
0.5310236511298456
0.6350526799952743
0.012285656021162716
0.5821410943093196
0.8724517262198477
0.6176851734870847
0.1955940196557966
0.6041136409049249
0.2783603038746226
0.6460670691190513
0.0370546852126038
0.7335686600697651
0.0737079250247219
0.3205951482888376
0.5750484005489831
0.750676086558319
0.5225546479393871
0.5640747551240755
0.9213064834960262
0.8243476490716231
0.06677299147996674
0.19950573786613524
0.18913828877455308
0.6063961873082213
0.6224185659869667
0.6728605177587643
0.39475263094919766
0.05469910839463221
0.7369423516239985
0.3960811349969824
0.8485488284882204
0.5224153359949959
0.6722248212368497
0.34212345245982057
0.3450339665153065
0.7757847507167783
0.6994281124214249
0.9610876071559393
0.5851458908646164
0.023244957799628208
0.876295521770485
0.2796735585334159
0.5990256912247673
0.81628492247302
0.8114272309042194
0.5949547782066489
0.8151101903321927
0.30120884690821126
0.014492789543541384
0.3015943449691302
0.32433137923769517
0.851042963605893
0.7141803211990462
0.498616332419929
0.16422461267599753
0.7136121705772969
0.804707120830039
0.3312387277931653
0.5093906942035307
0.1429800605631142
0.6401726033208077
0.9348258491807208
0.09193912790777758
0.3262232438699135
0.5908218254730742
0.23930199797759977
0.5806916212554519
0.5657953375569225
0.6423950610218733
0.43483792503985186
0.5970425274684042
0.7548908412996517
0.29640897960872925
0.1315109002399918
0.8695740014640304
0.595877246262091
0.08622036177118941
0.15443062326795298
0.15510912044039815
0.22169025730930492
0.4109007008417688
0.59994526199529
0.7602720703382035
0.9666984437334466
0.8291072247342269
0.051825106384289166
0.7764757951324186
0.7613858118733668
0.2177126595610882
0.9363532345395904
0.5742176340136871
0.27612173219134595
0.7992626668068251
0.5665592854979913
0.030672549622918543
0.14833434188880446
0.9682634100386017
0.12558675783732154
0.8268153252898286
0.24348912654819999
0.13771975908938272
0.9613039280645438
0.5056539298101275
0.9602242762651962
0.745486079918467
0.9867020981885
0.29195956747162577
0.6319550167591834
0.010719309448237624
0.6715461774599433
0.3421798905384478
0.8451887149278553
0.1609182480750173
0.03536372710279556
0.7225131353375418
0.11531167799600472
0.6781887663176154
0.03945928034574664
0.8020283663311649
0.24071264442515283
0.373655998867896
0.9797875939458901
0.8924574300073949
0.9823614694885902
0.2992937747489517
0.9093589032060483
0.8366121187958349
0.7186325983784935
0.38788434783716774
0.3052427704524906
0.7368174764511731
0.9060910744397427
0.11609943705789694
0.8973656654079041
0.29843599143394706
0.6757476951429915
0.4280080287300273
0.9214492374750446
0.21824074280775785
0.960133145584547
0.7733190595033119
0.9497206250047668
0.7117098644058794
0.06194589114534965
0.7830390085037721
0.1056233841402664
0.41957161857169334
0.6604155761794983
0.04682147520321178
0.7294269179870542
0.11193022820395859
0.9571879268537695
0.8420401612476327
0.3504861886834464
0.9650934003213101
0.3781156021385238
0.8605749698816823
