0.5584752291386584
0.25058674761001754
0.8450677101475297
0.9743355463014168
0.26693977169931227
0.5562359241935884
0.28033149611634167
0.7322493683357763
0.8287833415889234
0.09626231944964336
0.5359828787037803
0.9928501496267704
0.3966135476217918
0.2783929085801966
0.9726012574508494
0.2816695855892427
0.3636503012590454
0.9701669119327148
0.43080088012983064
0.20817131607479233
0.8581052163616562
0.5227406649923514
0.8196903603525441
0.6886172771108598
0.4982356341369294
0.5045532591505576
0.6832942580468518
0.6069407688690692
0.7574098255072587
0.03943738116661366
0.21402433652512642
0.021250070267108567
0.8534557896791499
0.856620633767568
0.6517865034292093
0.8384430035961389
0.807200749000078
0.27800656318528316
0.8708453701582637
0.43319458589555715
0.002535726465015542
0.8363879207749012
0.690435554024516
0.9498664452108927
0.15140992428761202
0.3850412140080288
0.6599454311954194
0.967826488664605
0.023847860293718326
0.6329316427551306
0.5257003879456117
0.0005703949386818286
0.010193739159150783
0.3406682204746013
0.6455944270349553
0.7003498076616742
0.9215720775656944
0.8038440601507251
0.9327536650874438
0.589647380139636
0.6660511216103289
0.1276992194173895
0.7403463746737287
0.46177295342472646
0.42369717208716196
0.6447756725406588
0.3533203781929457
0.04988280652023935
0.3986351391294958
0.5012398542523517
0.3795589204531177
0.05086525908351114
0.020456607571106566
0.33927504000460884
0.00023700663916081943
0.7439541042307052
0.04862115144933732
0.7385634023678608
0.5534663632427287
0.5721813011253701
0.0928085618447082
0.36278881020469533
0.3642121337890909
0.3981372225537494
0.6954091335998739
0.6567232377355912
0.004342774709499397
0.657669554133206
0.4642309634823142
0.07010543003083558
0.23608531174235037
0.4547550825996368
0.11353772273755292
0.8288050187885994
0.6068113141759861
0.008619463195706167
0.29419591285836966
0.8111624833197368
0.7306666974484074
0.3969706083296317
0.40406314359175255
0.7212722892699177
0.4126230100018681
0.028204796756066575
0.21518942156520648
0.7091124740362278
0.27558078648849327
0.7173979469040364
0.0016299682925147163
0.514762904118977
0.2681883312183666
0.6985338040837145
0.38078593630025126
0.8645744156193523
0.08936827633105782
0.9507660457307825
0.9140625696636155
0.007527954172195428
0.761956599853222
0.6738058463047053
0.4869814452302864
0.9569477802534282
0.04915027820588824
0.5181086124223601
0.17885532125543846
0.8976290671892148
0.08552899924009594
0.9001737067797289
0.10956583605015147
0.6291978433260687
0.18828285815025836
0.506479379947976
0.8244837872910286
0.7175699219452079
0.5158003965313975
0.08734003143542635
0.3863755557089593
0.34457302234524134
0.12804568833639718
0.6176554431758593
0.3409198699034698
0.5949592340180101
0.3096630883944188
0.13321729833749096
0.08109838353552346
0.9241807080018833
0.44486620346810846
0.8673739136523967
0.892214759518917
0.5348582376000038
0.7416891531097277
0.767754458922665
0.3243791187352647
0.002950960890737986
0.9082337987082145
0.7831896953355686
0.6034824669790245
0.07219318237292627
0.8355541789183446
0.3929783089539616
0.3816067282417557
0.28136975909641493
0.7447840720014275
0.943879902262921
0.4918259707027559
0.20231291401179785
0.5036442425850608
0.20047812674963117
0.48672096074666293
0.5175161312212591
0.308071045469289
0.5568073875756657
0.9231177046583102
0.5207531845922313
0.7730060335190692
0.8367065627360014
0.7186779446613155
0.5743339563722991
0.2125156622947365
0.03657554119314532
0.22412133401966028
0.21846022566164114
0.7818017184740997
0.4012157231008915
0.9615277359662247
0.8628833332020149
0.6785300054038437
0.5531009809117128
0.2310728748264279
0.953062694294746
0.2193779163760219
0.6917528705512331
0.7787469480055657
0.0009838024328657768
0.36232960999310115
0.31237652466919485
0.44595896016115044
0.6949907755572905
0.45577829199748476
0.554275358067036
0.9987375562694663
0.6214422827129534
0.871935634052312
0.35700827864393847
0.35194285073284126
0.5993772803651428
0.7933384422649241
0.7202387508124748
0.6638238531720048
0.41062811869081517
0.07409458353394138
0.3988162023731685
0.8669486088663673
0.031124759141425318
0.8252762166711956
0.3976417972054467
0.47458135606877117
0.7365167672791045
0.3034713212749508
0.8777612465771093
0.060435793626278045
0.8728959530600148
0.08110351700779994
0.005414774414770784
0.3445764811302957
0.4072750858987487
0.5975885780140444
0.8381932539892805
0.6372419527572687
0.6620966362778321
0.286693780902859
0.43480284983089657
0.08583629452261776
0.7281083399843022
0.06921797584079392
0.17958230943737052
0.34680205389753227
0.443578697219952
0.22205666381632927
0.7441479269612563
0.8953781282780504
0.20051441651384727
0.7084613985361251
0.7126014512222126
0.443720485928918
0.9136177622182534
0.2002329009805569
0.5401342678152502
0.4809326669725611
0.2308133991252015
0.19679787545530802
0.042238705524198394
0.5997368593188749
0.15037554352845106
0.633954343989388
0.3743585034534339
0.7914778086792204
0.02859531287399597
0.7107960883263733
0.861657187897958
0.09937130536575123
0.32785183313226085
0.9831619961511544
0.8360886763488173
0.24733934757689002
0.10507879041483881
0.8098332285706645
0.8966663677332503
0.5691629254994118
0.47772436159581566
0.3181522414894775
0.16135928762100782
0.11102069331650122
0.024028924899042514
0.2723135839812839
0.6048699686849226
0.3823573816810748
0.40909776882836324
0.9796042858966195
0.12332758778949848
0.5586863289027298
0.5368348234970296
0.06211628125395252
0.4391928523503107
0.34248848253706354
0.5552089215516045
0.27867291017358287
0.6960183529949563
0.08097524350963459
0.21237590095284287
0.5357835235414545
0.6510388857426738
0.1555450821932196
0.5853254632573404
0.06559818467827017
0.5061046989970446
0.9519826009854367
0.037989490249021984
0.8768361590169088
0.6040704720775611
0.2219155840435747
0.8701652638332396
0.5541130948532684
0.9791505657553283
0.8479911972668656
0.7508228288624323
0.6365715978676486
0.34244953155339863
0.015494731488420954
0.8100219130391695
0.5885897151557518
0.7465693811494643
0.011203867922224164
0.9626561520479832
0.9480542729748608
0.1294312140986028
0.030810795154613158
0.14213590867229708
0.7993289526981303
0.41141430773275545
0.37203399128278214
0.6793316400174529
0.6398416374211654
0.26400017898968453
0.6224048993710085
0.6617858368072117
0.33709465849039966
0.6130172212928605
0.012435679634782093
0.10549319633158183
0.8665214407094217
0.6662568193796461
0.46005394010207046
0.5474363920169398
0.6370226836423286
0.6709236010973099
0.6686833946194568
0.05769429810983351
0.9745361615433756
0.5488543859444653
0.6981474621461503
0.2945826490330453
0.6832213681246521
0.7184170422010412
0.5968810472648141
0.6338753649491066
0.11214829387160297
0.3045763361203464
0.37528837980401286
0.04205785109144111
0.4784528971908436
0.19745185607078886
0.9200127493149782
0.8734905294481232
0.5892791575394287
0.39761678286468216
0.27818166568299785
0.9146501433842941
0.014971801398042661
0.9883374009947004
0.3322396851792949
0.20903017041053995
0.989839934437941
0.8974784374280191
0.15154036644475644
0.6038110075196134
0.5796898490385235
0.5815182131320109
0.7499603790660873
0.5308010391908944
0.9115609359527669
0.9335829529506956
0.8704761079834206
0.8325112095109128
0.7990710520273304
0.2535904607624817
0.6021103768203435
0.5494332735647538
0.695678323570208
0.7491902362080125
0.6944174897988802
0.16621509376005406
0.9642645696567186
0.6644613066069205
0.7746289613861297
0.8169409366402964
0.19003141083174602
0.6649822153105386
0.2612959989325826
0.4396509010974422
0.028012164735716216
0.25719227357679
0.2548692632937123
0.07885967547062267
0.9869239157133679
0.41654886679320346
0.38601511268836286
0.5109282521950134
0.360973490463553
0.6925417495625514
0.9408058041631451
0.14810984434044638
0.05260699369278132
0.9333195045744743
0.8070204985992379
0.03950067426738901
0.997721757345445
0.1795713609567201
0.6599305385442831
0.787777727532908
0.8475747261655515
0.7108085908180014
0.07979134075244343
0.10795712732909235
0.7088688759426726
0.18115407563219865
0.2191079484451025
0.9070946991686828
0.7107934634264267
0.3557112223322585
0.6591903466645556
0.5972190189610755
0.312008034005424
0.8619204428068934
0.3813898832508449
0.22166327829478882
0.5732291528615446
0.7595084327842767
0.042445418673646484
0.6984732932085022
0.5286530538260208
0.5591881899449758
0.2253888707903975
0.9222641819449716
0.31598122101486403
0.5622623479787017
0.6539231450473649
0.5481638585811476
0.8048474337614718
0.19283846608615696
0.17169849532113401
0.7523044587042792
0.9585847861330223
0.8247464793130075
0.3842879942879617
0.40899307225140935
0.5816530375367754
0.29106346011816464
0.35125107780576725
0.5116110635343335
0.8855606063728971
0.8733524731442266
0.9168786752936149
0.13301470747698185
0.31545829138348125
0.9768010832988403
0.8698859401161687
0.7436333157244864
0.5223443474686362
0.5592483966244023
0.6676403716721486
0.4197877479870813
0.3372647430295248
0.3264659279106631
0.22322294586781355
0.5984487665836913
0.6336790960202083
0.5933802895601369
0.8540333894269054
0.5141210753515869
0.3832312949025881
0.7597988728113308
0.1088268360948873
0.36556357810269025
0.7135753599198125
0.6502622999669936
0.0026890509679071695
0.5047505547805863
0.5801010101135072
0.9749229705243164
0.346112591701897
0.6090405246605788
0.5645742890271752
0.9351648771375467
0.5030983392829377
0.026431725549675766
0.08963195836600746
0.16528390911256052
0.496875658553268
0.07686916477388217
0.3256378162108924
0.2664791490435584
0.780562093302349
0.10460132076757755
0.33891877373430734
0.5279568707388839
0.4538837344985601
0.5687233542133019
0.26888800714407135
0.6939872430375915
0.11189080885097746
0.9250273461308598
0.7006803344913667
0.16870115227879046
0.8963530856976861
0.18771525536825617
0.008187137132416922
0.6510386912030405
0.5339546703529031
0.9074153305339832
0.2503913602502693
0.8911883938986055
0.897827720016847
0.8505245200350746
0.9804725030067712
0.053892363139037336
0.06497170112273554
0.002403007904388743
0.3017434435031632
0.7955887249877893
0.007812480454265969
0.05540013921497411
0.38154677053541697
0.34566598693551276
0.4282288750237998
0.2356018235571069
0.48694784592029516
0.2594472475971975
0.5588327540344102
0.6798942955111139
0.19056966179814017
0.7532096029910463
0.6413806961777663
0.5248815829108893
0.1247051063925354
0.08781449917537731
0.2867014125243177
0.8730626582195364
0.859599470442476
0.18725611446910395
0.5119112692057515
0.0027835811998183635
0.22834946931419187
0.9629009709894704
0.2263163229176265
0.5967554706839056
0.8242901610775767
0.5346933605673004
0.454566252600322
0.037931280634223574
0.17036677074066153
0.8630585955814659
0.08656381035871985
0.21680962145231364
0.9319539034716009
0.7742075416474332
0.16062031087857143
0.1610118170744288
0.6423379331240874
0.4009272787445445
0.17936802299248988
0.7049316940536985
0.18971019025145974
0.24718926209814573
0.6184939383575597
0.5733970256384436
0.6349258641459231
0.9991476389088957
0.06305490332231245
0.2002788357734241
0.7951280109953783
0.12087954165067583
0.5396325157486677
0.9430471314446323
0.8666972530542977
0.29261656775996825
0.5370241110117533
0.32200649820983784
0.9069215321738846
0.7033189643436945
0.83826040486032
0.2408350897354966
0.7783721846828253
0.7858194368912041
0.5333392912294935
0.5234357212382141
0.8761096154037034
0.26867279521800413
0.44614474593851716
0.4393834307444918
0.6644181992348471
0.7519249862429311
0.14089868712745768
0.2533395619825559
0.17159002818264146
0.6457247189575006
0.6635085799427615
0.12855555138608932
0.9180236967287173
0.004144432292524813
0.4882531478660369
0.0055800565929708945
0.9799702882753563
0.9950668649891095
0.468399104949174
0.9665437675679014
0.333205607935082
0.26170097496101574
0.3324489275882557
0.4611497858624102
0.08278572788593941
0.09946827503290834
0.34339242565532535
0.10787117384006006
0.6395956995313185
0.5224839442999426
0.4429508429447092
0.528526300278824
0.38374401667300106
0.6845701571083886
0.317521671208874
0.9711699259819366
0.8284982141707197
0.27040060313415015
0.29043981621557746
0.9693018037809682
0.0028169921178533563
0.3555466442060652
0.7849921326446627
0.30251097671203664
0.31856690275963384
0.1220677063206893
0.6810285324254324
0.07468891851816972
0.23150924623571312
0.10652680305985152
0.6254650693888704
0.711390121145156
0.7950556356399084
0.5923737901235607
0.13867398405929532
0.1318664302810445
0.1299055711276148
0.056909486622253036
0.9090314009892607
0.6293528889691663
0.1572177234477905
0.4682625271693138
0.9218800999184871
0.16674536734928969
0.9782647683493104
0.6509786204152884
0.3070564644404895
0.20073875015522868
0.11062052502011688
0.9768070852237023
0.3123020129290628
0.27153312431624455
0.47422454260677516
0.7634096816878169
0.7473502593083122
0.4959883512382268
0.04554996448304782
0.03300751550684011
0.10585021533493677
0.2482956693483256
0.1968308324434901
0.10937536762969235
0.7279031924906161
0.07850950924447042
0.5605784112728617
0.3730359174130903
0.0435206863393206
0.5865773829739813
0.1584275963742643
0.664756037348948
0.5388057310930333
0.6566541945991241
0.43784234239914743
0.36537929200245645
0.2789449648058071
0.09397797557785448
0.7863530061426385
0.19123057643075103
0.8920887205001581
0.017207202848749437
0.17035574779326101
0.9048417521184253
0.8904010282606888
0.2218650513467617
0.31163469877516337
0.18006613134778604
0.4714703250970126
0.15815850451094782
0.37058661978431096
0.16917698372985568
0.5314079184406583
0.44969269774354803
0.9854897515033576
0.7716279926110072
0.3634379346376866
0.052086290827126125
0.8117377986868466
0.9597595533041392
0.8280050988698712
0.6968329251297388
0.44898133575842103
0.824495711189081
0.8194962204562741
0.6325271248429433
0.3175203993491549
0.3692710121468936
0.3539984081856318
0.5279028589390685
0.3787954115783638
0.8029970925870288
0.7104948661927155
0.9008636346797236
0.17595043742463212
0.7857854015230482
0.00513809489389816
0.20604021731604316
0.8344202670281317
0.22342749524890237
0.3863585595189907
0.05691144916190227
0.2864465392811447
0.3154806777379616
0.9600387896244484
0.6847470175460337
0.8069012580627247
0.8438380622124634
0.05640699454947118
0.12365590549976524
0.582399586396247
0.4013056007219349
0.33622007375930263
0.48690068145259746
0.031423162454744635
0.653890124009302
0.266266554005815
0.3435285300237684
0.6766567582959523
0.6758029630620453
0.5001828609466931
0.35347374154578926
0.8590553250680287
0.48814309977958337
0.7003719831812218
0.07043522017814285
0.5611129659808138
0.8249839179757089
0.8254515959675518
0.9517320209936727
0.35770216511330755
0.012657471382929164
0.24296373912308278
0.662094421755867
0.06488041553736867
0.5259778555040379
0.008781148580989995
0.12444412310585118
0.32514811623129836
0.3449651144132535
0.586193784940748
0.4662288493248279
0.2823980077915422
0.8119870436059184
0.08655872004769105
0.44039854028413883
0.2280202449271258
0.38145902249620944
0.7626259380655193
0.984969513443719
0.7122972667583722
0.3187309961650464
0.3853345467014395
0.950187997166923
0.16302144028093957
0.39767680666030436
0.2799843335441953
0.08565150402017474
0.7544617175820352
0.4802097596212238
0.10642126037774546
0.44988526388676076
0.6488429752157402
0.5703804101192094
0.4247648537974076
0.3837645094474408
0.5354999359611188
0.7311286593105154
0.617463820709722
0.8670636175359316
0.2587153504615973
0.3782129351247082
0.02207151780328298
0.03723947259043803
0.9731003655204854
0.057559411271279615
0.24891838305115266
0.5803421522265777
0.7422913770261327
0.5552545062847019
0.7292389091204173
0.11986496312452166
0.4402166895762031
0.6911326598826659
0.16271794308747844
0.9337338007266905
0.5056676372913786
0.7773454170361166
0.7827117110117388
0.9027619586816182
0.3122460630683187
0.03103894011023811
0.3207461908806012
0.14420714294486048
0.8952794459884357
0.3257249292466867
0.3739355053111866
0.2937154769613215
0.179996226741033
0.8593924537448049
0.2400016309282077
0.34388581757579073
0.6968354721917008
0.49927531948339776
0.2774366630532159
0.8444949507627229
0.11284476230975615
0.8464351343188148
0.7980359380224011
0.27007347298491335
0.46163919694186184
0.33786832642626596
0.21116291274462173
0.6640976119401646
0.47179276908580325
0.895389392700814
0.1517671433106742
0.20737743197915726
0.6208185328067941
0.2905166576368463
0.12843802800074777
0.6046279132540906
0.3765325540228053
0.7497693092747267
0.567281221102827
0.9428531854815462
0.6016797009430348
0.7995442293452375
0.22165688266493166
0.12173772485136702
0.12620672329114924
0.6353212016620309
0.08090747865225845
0.569907063315405
0.18702121670988547
0.8369325378100277
0.974570742235113
0.322339927534371
0.0600061552084703
0.8779537397531862
0.9591691484626383
0.3118142793875446
0.04201083863173338
0.6346874262424959
0.36877985760504783
0.24560804105775802
0.991519892018147
0.6734675597008364
0.05988869954326115
0.3812436447600731
0.021099813000831413
0.33775926770961884
0.364250912613439
0.2912639198415983
0.2845157004616188
0.13984102491602457
0.9023499457346541
0.9283969985386515
0.6779894716749605
0.7550721327898734
0.5671366629071622
0.9059998733543455
0.7710333175130125
0.4306773949238818
0.06557136891205173
0.780532962196077
0.5853369538393303
0.09143555582441754
0.551276561179065
0.37149499237203654
0.2144390799842424
0.6880866952644492
0.9878689094540132
0.22875024530027221
0.22975792838412623
0.5796326765091844
0.786815646587667
0.31992718409841236
0.23208759113015454
0.1513525514464482
0.35492049561757577
0.4045846576613844
0.2845703723313556
0.1805861735440648
0.23588451609644356
0.674022213426259
0.7036823129152957
0.6336372562980623
0.1453041070085982
0.30896265259594036
0.8880535471234978
0.20082099017461807
0.8520845268085897
0.8788555560287744
0.11759215286204516
0.6400025992977205
0.04231485303389215
0.7941658137107181
0.27524926888697965
0.6171124903917776
0.9636534921043218
0.2693746897578233
0.521470824901855
0.4613824754821484
0.3882433382181859
0.8803903386556257
0.8909376390771536
0.9963073423412924
0.8125624874721007
0.7355943017727393
0.7284582203729212
0.35926313447957225
0.27045233799336243
0.7851873660219526
0.976062193239776
0.6928916636159516
0.015915533887779887
0.343838011149321
0.8086772154781129
0.14753922552972465
0.4665441111416825
0.8154303674215484
0.591141768183062
0.835700948578974
0.8562748678700989
0.5302335588079955
0.40204195775989415
0.500533509358196
0.8083990680568706
0.9997853075289019
0.7714045389476692
0.8791712165446933
0.018037603123104096
0.7834265816498587
0.6794464923999763
0.8531183088645792
0.48052197094224514
0.1543288849597716
0.9869487936211034
0.347444962283765
0.8412108797143134
0.8433343320044648
0.15626344016693539
0.6198803119124303
0.6634052124797762
0.7628229024661916
0.21774560764067896
0.18236870756731627
0.921168414903179
0.43202999144619136
0.576023605142205
0.5936872402440169
0.976970370180791
0.9942612051009343
0.8169741920312876
0.9593924364863072
0.743690920174893
0.2746216632229538
0.8660939813672482
0.9739692222968311
0.3581192723350284
0.07685125928211112
0.7050610112424858
0.6437841199459139
0.2535599542879018
0.7224071990438213
0.3978143559825461
0.4310248279824207
0.02227975918126812
0.4198068477112973
0.8788853274667809
0.9440493201063203
0.42874812605908863
0.7685624648105849
0.1820468094391171
0.26636353388836165
0.4908023090408399
0.529944160087132
0.31662350140983475
0.3235817006066114
0.34104388947363595
0.5209911292384027
0.8246974037144643
0.42761757779645815
0.5491358164110447
0.6965646038914829
0.978891679425374
0.5432933848037725
0.16963740399176797
0.3343778791803901
0.010952992715045795
0.9479655481026394
0.1592695941701796
0.9407730186928951
0.5476542915885192
0.9467493997665622
0.5845217035766395
0.4742666018022983
0.16112953606228309
0.08932273279126568
0.7057049242903338
0.7366315165771677
0.3452557508346318
0.637749539146857
0.2737251397010573
0.31190523265033643
0.5734743410132025
0.48423450687423386
0.9712624474565991
0.42642881268539645
0.42440560979587594
0.9737701767516016
0.06665943053040424
0.21504308914132098
0.28277429180374336
0.7920570629725276
0.4059720555542796
0.32324791464339586
0.4292424785124709
0.6357761955003425
0.6083288298245885
0.632789029002314
0.5186572126678458
0.0275972319454707
0.557201191819184
0.021041040802587063
0.3466911646007035
0.26731251431512804
0.807465856134812
0.8165391049016951
0.3823877109498356
0.25923220165746397
0.31066967319507843
0.27244167736662317
0.8052478543180428
0.10985288172298857
0.28705387439347896
0.5335509051679208
0.8020797379068654
0.10993595103966813
0.5721322955073268
0.09249140217784602
0.040126439145370285
0.652522972602998
0.6363970414715464
0.14286105059622556
0.8248620325019738
0.6672908310507475
0.200594743924412
0.26931350177201274
0.798763081993671
0.8872787425005924
0.8095338017956445
0.39395044261548107
0.13443633753645012
0.5683674843702462
0.016167019167028007
0.8558681464798836
0.27848320934616977
0.7264926329553064
0.44369929340807057
0.2989371306481612
0.4123738726041799
0.19334572362208657
0.47117496038670703
0.7137270491966552
0.9960919995446397
0.40005224552858865
0.9445450970175895
0.5309080080231795
0.7137357192679261
0.7465880763934833
0.6700319493685606
0.3115369018372143
0.6620138247334231
0.686503315665875
0.28711211404810266
0.7264246082632952
0.006405490118518875
0.43693523798721823
0.6387518502638629
0.6281591809556404
0.17552894514629358
0.5951727031283635
0.6213331849759541
0.902862096483127
0.9597876679786056
0.7916844291947908
0.4906480313610361
0.37332421120992454
0.23733061230102692
0.74344768657798
0.5114988053066203
0.3157278235189146
0.9333757312353103
0.09761744865413036
0.06544715040193894
0.4905067838390118
0.2945785607815746
0.703474009542318
0.23384514539537893
0.5455924142157691
0.004638783111331923
0.6239867482706711
0.339316198191703
0.705925759538672
0.20530439683212476
0.2347568050087525
0.49932186551221547
0.7841431102764134
0.16164566337970177
0.4468751597376629
0.2675314263839994
0.6803475464569629
0.1188171201087338
0.752269505608092
0.01569335788905557
0.9331802668400551
0.0836591857784783
0.9646882031073513
0.2950503458694722
0.7451920977124242
0.09586269505197909
0.044589362522590714
0.21786575390418084
0.21964029600967783
0.0034201531701658627
0.6288578059362157
