0.30291502564210215
0.0703911065976277
0.8939392138896017
0.20625317843685875
0.3637497820627671
0.6548062467022933
0.8748261735753797
0.6049115340477418
0.5891814938742709
0.974687621415559
0.24307250737714825
0.061145891227710525
0.7214041440679642
0.8135909932303261
0.9752447366664584
0.23472532814256752
0.5708186901619979
0.5430123280395874
0.5513902952422189
0.3941507656372497
0.1194797710486003
0.15129175033159492
0.24166949497997703
0.8110687522136582
0.48477785262802087
0.8848769991812695
0.8512234264629129
0.7256547045712523
0.4630465882709315
0.0037620129091850973
0.9224021131545089
0.046765080031077266
0.29357371991648795
0.9757279973097269
0.38937367499897735
0.1410276394256723
0.827909771344913
0.11471332622690256
0.5160491536318224
0.3806980719960863
0.7184235394644032
0.6235885439089304
0.4327603771207801
0.7406693622088105
0.5376057126582805
0.1805999279795829
0.7655785731084569
0.053705124908108415
0.455106231193543
0.15419451549245244
0.746840899565492
0.23765092550112288
0.4995239263126702
0.2760925720960876
0.5919725486187658
0.6380247505861381
0.5619913687760338
0.5878465958666086
0.06577169043377729
0.8192971729920036
0.9517176298238209
0.12402220380710971
0.39739049339277055
0.05039741215875593
0.608586179539598
0.2332862700594388
0.3643388841469193
0.05598313429899571
0.9275158746740295
0.9275455697303869
0.44815991793872256
0.3400862561942719
0.5776925298140082
0.6862785439965744
0.7004835139830988
0.3882181885680035
0.13653897742076293
0.47194371417704184
0.9761075439020688
0.8355706934130248
0.9462951139901864
0.7909811427431698
0.7177540616833128
0.48827933701243265
0.444234615471361
0.6873214719463837
0.8682840296224873
0.9180592658781954
0.7836331820336709
0.20368567065820076
0.3946702438483304
0.04323774264951785
0.48230156007255165
0.39440788021809947
0.0092439741013991
0.7434567678849907
0.10120309051668819
0.7969575654904687
0.4220996902531562
0.16283833375007783
0.009782964337465394
0.014028526863411606
0.7427394192402269
0.5835713416224362
0.030204380902825845
0.5096970680483381
0.777228721481436
0.9247079557072018
0.25771729915987207
0.2559192861709788
0.8564808779375844
0.10748228576082342
0.622907023704657
0.35605140631329024
0.9199864324096237
0.9109319484249229
0.7395943940049816
0.8761684445986783
0.7853334539143917
0.6760657955571131
0.6790552540009253
0.9241230572525353
0.3253082983690523
0.8701422284585185
0.661435395153846
0.7163309287294641
0.7152974034066283
0.1518641582590322
0.9508270244264372
0.3519002858147966
0.4680247690074042
0.451510998981247
0.08264562151650989
0.10376210578069356
0.7423313658658056
0.5100540623695774
0.6140004035260775
0.8773358951526293
0.43263399960791504
0.32882164548568105
0.34233936722667524
0.5436620390148539
0.8634465342551194
0.24658963586469396
0.1502368582940916
0.2621834928562421
0.7690742469075779
0.39121262624544983
0.040973795308454686
0.6281086179784743
0.9310090069472232
0.9435007729818728
0.810023752535864
0.21619393709561785
0.97826828644739
0.0036152977713828083
0.45201752106186355
0.16351794106579542
0.773133190047985
0.9554442712523835
0.8309018137136609
0.5707841672627676
0.6131082244449665
0.4974994740950637
0.24303221788161744
0.2720302119344149
0.029001214065204395
0.5237591825758316
0.5103946901661162
0.9452587429673979
0.6907033880654383
0.8980214612125192
0.2293110138460438
0.08721797094942885
0.949960251085244
0.3588814803858078
0.37935436326141425
0.7798149293629041
0.4409685692322268
0.9926152301758093
0.7848093696519405
0.06905769297750008
0.8350326685256638
0.14527805384203352
0.5240713151006788
0.2854005804272127
0.8519119782761015
0.23463619108763722
0.7492572244435675
0.588282806811128
0.48523112162596194
0.9683001532106987
0.913614561930968
0.37840342297326524
0.4817425116403278
0.9032651560587884
0.7097353926495135
0.8191673913098007
0.8941536576094894
0.4727218962324927
0.8028572204707162
0.7560603124485197
0.7223001894589375
0.2275241964748932
0.2470325482776432
0.4265337994474061
0.6651389474580013
0.8221348844265604
0.6786541044070811
0.09991746642227295
0.4917530215896616
0.9505284270778557
0.27946334470372014
0.2581726609383578
0.7313273554184593
0.3808093742863127
0.5946718327075232
0.14030310997017958
0.16942958268989539
0.3691768522180261
0.5277475337135676
0.3078783709936298
0.8555669110823362
0.2836938154776626
0.32921067582307406
0.7901368921222978
0.6512985851444354
0.3169138100790919
0.42565382307916266
0.16561301585432064
0.914210895104724
0.22026510126705556
0.9156808876445277
0.8584101332578902
0.5938840471814834
0.7121964625907677
0.7227142841442299
0.04778426037818562
0.3952057113050027
0.22115962279921342
0.384059158394772
0.762995562342855
0.9110527500706016
0.9006358133755863
0.863734969068612
0.4666289537146704
0.9094204455506807
0.9219984502957332
0.2746342633687825
0.1363145445368119
0.6439200985975401
0.2321584865674483
0.5325954592382238
0.33383627702603136
0.48227522140239365
0.9838662186663216
0.8205947082279224
0.09952354284020115
0.35808129321665827
0.0685624181908916
0.08534402198961655
0.7633724269738018
0.14150193750132434
0.46168797960529906
0.706470316362358
0.5285454643720202
0.3050686675327918
0.7644371543344982
0.3115833310919608
0.8609351322513807
0.7001903919064467
0.9348391917451545
0.23123151905391515
0.6427264226718725
0.23720557597966074
0.6735573236383627
0.48091606865825165
0.7739122313346591
0.45144586699457157
0.7929045881352633
0.07960409487208786
0.5880118551578906
0.5988757234030776
0.5287323781218917
0.5675287205720512
0.12102263195992213
0.5049509605726179
0.19110876537901145
0.502516042688017
0.7856042567258824
0.2478440937827847
0.07798775761653265
0.13020544590182304
0.5262409291109098
0.30893681335966483
0.23534145643543491
0.14481166760103026
0.5594997933761845
0.27368700135293467
0.3338587982689727
0.07066351240575564
0.5951492183028196
0.5862636684758288
0.6459969994344489
0.7637512001648112
0.3462941376001517
0.04728279045987227
0.6731941270565146
0.3802639164776247
0.29681890482808604
0.41972095283745403
0.9764229178228097
0.22509377408503817
0.8010614599687214
0.9008767127510553
0.518488070941146
0.8336760905497674
0.14591681581692706
0.2594062172714201
0.42287552791789484
0.4785732534243192
0.15802181998885423
0.6145321357560832
0.9603278568614694
0.08745936935417042
0.3639582395799713
0.6932973085222074
0.5950861977048562
0.8853487503551689
0.9644226906632468
0.06587018667515065
0.8271052735034938
0.03364278965232159
0.2670341770778364
0.40568038545052687
0.49621766021936586
0.8055620442725483
0.256250666950395
0.42145951493020384
0.6728161868789997
0.9748857095454362
0.9511705052309719
0.8240003625745294
0.7820368693611436
0.2786519149121439
0.5020777464885732
0.2978997876945212
0.5886447966886069
0.5343479188696756
0.9031640068710945
0.4798318108646048
0.5404937955376974
0.4530468438990438
0.5011807375006214
0.4050417171773507
0.18763747953530663
0.05888684151440737
0.42257892912204675
0.5243643994554559
0.6415724424400796
0.23797158012677688
0.11366885968164897
0.050256202917084436
0.25014156115732045
0.03256386504312325
0.20304850376917816
0.6489117636970376
0.9391566532259128
0.84263232375427
0.24957702996086795
0.9605322972066397
0.3572058312319282
0.26487379570615377
0.7986206741716196
0.7300236473018582
0.9114261826871191
0.17366761727789615
0.12395323596568275
0.2967014527062448
0.4619362447049944
0.32336822167970747
0.8567927120652938
0.778131684391682
0.8278701713895084
0.5570503806398273
0.5977765649831857
0.6060244442882676
0.8756226703365099
0.7972742978369429
0.7538281343850106
0.5509650370617485
0.039985204601784785
0.1988769767873021
0.31618767485010835
0.14721001465387773
0.2157718168043301
0.47827319036064697
0.02201931598540474
0.6059888989721655
0.40648462606654434
0.043338093666684396
0.01985660469911288
0.7858024498180418
0.8439423470243803
0.21237265544786288
0.5248193738415103
0.7262980293631623
0.370583575188981
0.9063502714971117
0.5034702963108764
0.8336498793279595
0.7754019834548973
0.9607375977918688
0.699552431393382
0.08985896806602323
0.14597564280790276
0.46098725264737694
0.2825735020387139
0.9622820981897335
0.5572412180617051
0.46986936210009
0.6117351832838483
0.6859435585304172
0.3169317924833084
0.5259011599060172
0.03535555451183359
0.85380071168586
0.6761709352670602
0.7238833870545195
0.03266355823687728
0.4456565762107604
0.23311179175285324
0.30386232662085566
0.44835974797570477
0.9013866957414377
0.06635382601588946
0.07850414876532996
0.7762740882679671
0.8907868457289457
0.6168971312045283
0.6570790729353796
0.7782669721379674
0.8752149311755991
0.5775644328103969
0.7948273303127832
0.461053578221424
0.0862660511435559
0.1455332854913195
0.2132848574224092
0.1776965548912759
0.09343082452908802
0.9989568109839678
0.4256065771642511
0.8573131524022526
0.3146473986971572
0.19486513539891614
0.41478036188627365
0.061677075851556906
0.8654510527376056
0.054675510954972584
0.7461549652091202
0.6904241056003763
0.09978763185536699
0.4745166160848303
0.8873982955850007
0.6138329215124284
0.5296827115225844
0.25293111677920666
0.19172239920797607
0.027771823518749628
0.24101717781505738
0.9169962572511151
0.7234184836904705
0.011747392757244346
0.9572907948169377
0.44686215530683393
0.052142736847229476
0.5659326289565617
0.6548699203158546
0.013323416592716297
0.18138110438398702
0.9309726744047981
0.3524918144087642
0.9520909057566008
0.899532413254013
0.7674311035449674
0.6426640664073355
0.8772095137518038
0.7892289920310089
0.7989323273189675
0.8210926756663532
0.4027447843797324
0.4020873780864216
0.6556865435711708
0.02113533628990849
0.6311345196300293
0.3529830752074711
0.20696888531038227
0.7328511242036478
0.9213072525713552
0.763039984277269
0.8674197642719724
0.14730168119402054
0.7605670338136573
0.09915422787131412
0.2643146412293672
0.6312755670144032
0.24661910102668305
0.372896809452712
0.5428699945916347
0.7497310419171679
0.6365658490212918
0.8452536624111789
0.6600931159774105
0.9200371884223565
0.19650220398728835
0.2683467817815768
0.26522546939212055
0.8348905605133974
0.1608768285119635
0.8103287354658286
0.473849415820377
0.563366642437054
0.46865026316983927
0.1999716665903306
0.06328524307452343
0.5834868814431752
0.6902591532974036
0.6299259892191149
0.1644189639786542
0.6498930116732268
0.4449085065716324
0.9917861077077725
0.43478946395378837
0.7024622952315497
0.6674757066381117
0.08819879003213149
0.4741130951575139
0.7870839363197345
0.6241930158960083
0.05190281069090341
0.6209887296911233
0.6761122881858146
0.5546449662245208
0.3729056418398218
0.9680743942331406
0.9142163264278738
0.28446215092262195
0.45090580871285635
0.08238399986057277
0.4319650448071305
0.5871783155508898
0.3950237438421632
0.40567151591527917
0.8221579119632776
0.32187316302265045
0.9136886630247655
0.84116016940803
0.591653140517975
0.4833363907407805
0.307187090607809
0.3782735622067199
0.7752612144921197
0.32498353071712627
0.8616101884560162
0.23159030231246935
0.3291505569322437
0.3776353907549732
0.8944190724924701
0.4837845697193359
0.6780410899248768
0.8867749101617045
0.09227109370053677
0.8420863617994817
0.5041371596806173
0.6750171104047199
0.0853118980821328
0.7383366744569111
0.14185126339730014
0.5070122633510334
0.3892078154616042
0.6090856965709128
0.40649013249585275
0.16206253511060809
0.6893895913002656
0.10426837125887789
0.08323077729067196
0.30834300513432333
0.07347671304663206
0.3494920520588335
0.569116876678172
0.424339152006595
0.6658138488713673
0.9466924851345263
0.6777417297955205
0.18140358454575167
0.4550660227639852
0.9937080407173244
0.40503650096734745
0.19331788113698867
0.11408303221966543
0.8560442212127927
0.5224682045990037
0.4043281334648261
0.4424694134034517
0.6737612901336202
0.298141175963316
0.19007618769145085
0.9168243618408726
0.6534062206209512
0.17320310759363866
0.8902648871630949
0.13687870217827103
0.7200791860667108
0.28715434411353724
0.9006697462726998
0.060054990788481866
0.3973783122978174
0.7028000921939255
0.7581815390768278
0.37662386985315544
0.7820388661566604
0.37796765419546596
0.2728433628420196
0.703865219501472
0.6749640825837939
0.11682586736670886
0.3605875477067657
0.6769692007573492
0.8548632787702191
0.03543197919380914
0.6248502689573666
0.6827604833050461
0.08101786744974826
0.2654185765220757
0.7412575155240803
0.9155886165605355
0.72254691303013
0.26536247171668614
0.2870656145803665
0.7826094290011346
0.12919530724337125
0.7973730478485409
0.5930347181557712
0.2701583098904752
0.4515469465769484
0.11122989700615704
0.21280212728465697
0.37151562296722895
0.2959864685741642
0.7312328388709203
0.937612360704133
0.7995983221678188
0.7270507057982766
0.14631953381824725
0.48244891853933547
0.2061967546420449
0.9475654504872439
0.7566358989079687
0.8542830033002803
0.29214454561433967
0.6870127237133373
0.45698854085637153
0.2083291177485943
0.002532098294467877
0.5802863579494596
0.28175433032293185
0.7945035246174982
0.41118472478599044
0.7167449427172985
0.6750767937198286
0.30809723853132565
0.7958542283582251
0.8211960166336493
0.428543047524531
0.49906294278884045
0.1748111045656523
0.31488150047758534
0.9970003786445671
0.021313095863677578
0.41118319666847114
0.7241730556747806
0.8924021098847303
0.45785273200552046
0.7134351195213199
0.21865311189850456
0.8992009648094603
0.730831068850933
0.881159547897506
0.7799511086535084
0.8857012316449834
0.6353425863894184
0.0957953840760466
0.7247098187558478
0.7695066540276758
0.5064066513136243
0.941324997052361
0.9895998102389744
0.9002300827243099
0.5845579937684167
0.20960805954150175
0.17541586507370277
0.9389379017324754
0.7370635827070454
0.6913020683433978
0.4684712714327566
0.8134815454053849
0.08393204954183442
0.24884025826880052
0.04014898287255053
0.3278823134007628
0.38329820820586624
0.8997056642784265
0.7661519833198731
0.22828604010321207
0.7832655702626717
0.9806527350483081
0.709699870347768
0.10951906213364815
0.44657592465210993
0.9843019286917337
0.03256925223236207
0.11007218323055157
0.6269274353254777
0.6358133534852923
0.3917105394958983
0.5751241463062521
0.8365012669774159
0.7318257034969398
0.13827427880444687
0.19270531644231648
0.7308443333966197
0.8043135124012973
0.560797192139319
0.23804814981666944
0.9078501078679593
0.8138416331477084
0.09677313708729984
0.36837514410893935
0.17977689236417527
0.7164123229211452
0.9440126797547373
0.9099635689782242
0.32222467251924225
0.7953887127162945
0.8409157771179562
0.8744059352297987
0.04277916154537087
0.13305786084907334
0.09125123273755553
0.2771295937467425
0.2538471875315572
0.6737289150680326
0.4084074568731596
0.4957634238384244
0.9436246138497137
0.46574274422970674
0.512939756915708
0.24720851319130432
0.4189374475880925
0.17293832293865008
0.3496934614382773
0.2814804031973661
0.6619761767269227
0.4107714309462134
0.5018096305741954
0.1288493369358371
0.5348609757637597
0.629835150084786
0.30081507870926805
0.17704442796907405
0.960719748985076
0.25033647527021685
0.6768576713301446
0.6674654024548469
0.7587045864154891
0.35519233417890284
0.18948003867527718
0.8607982854453269
0.9436012028916425
0.6279188788444873
0.5888943607231938
0.6281278026789905
0.6906411207594283
0.42235479407037324
0.18394328020031836
0.9028920571183526
0.33537659339746895
0.17262306833159047
0.2928458028122578
0.9153558215757344
0.5877351506195467
0.03878686690118471
0.0001477420481268421
0.5414897093765311
0.9829304359657605
0.00045920467564986023
0.8567027042132196
0.6557180692131711
0.49084735724863127
0.07331914538308382
0.8833974300858182
0.5291526046143562
0.5659370675162511
0.9435410999746946
0.7845219516301426
0.7057306475140283
0.6375263613717292
0.31742637440847465
0.35883288441848515
0.7458749972431714
0.5799635587970791
0.07792027558451564
0.023958675312156008
0.6425495558915949
0.2253495952207587
0.32340965403812727
0.3482650004371275
0.5474805778648361
0.8243961638231723
0.08111679932503302
0.596386122724406
0.9363774124504942
0.009430778831066466
0.26632599060279116
0.19131689281152886
0.07305823081479834
0.035036063501584946
0.3730729507301569
0.1620348599336231
0.8225256207561132
0.03735885151331886
0.7427774137510337
0.29872476262880154
0.34793569581660555
0.8576217663192495
0.9012941696900973
0.967847428647362
0.12712954360319928
0.5427123434856083
0.5298207125249886
0.40691605914849616
0.6885283941501007
0.250827297210674
0.2652966765643683
0.9307294517274641
0.056605678972638795
0.5799549132660712
0.391943536144735
0.4679966649769828
0.05690303379735773
0.732506279365636
0.5751829610096345
0.8235467750901961
0.6259140951979162
0.8870230742172077
0.8662913673718365
0.514018701429264
0.11649784804173458
0.3896381376174093
0.6982597249440881
0.9907870641270423
0.19761197686746923
0.4952613535602205
0.3806630301132069
0.5526142645595925
0.7981746691782713
0.7001851785501583
0.4040895024929486
0.13073894224110594
0.03009867773781727
0.5823175719144208
0.9874182705238612
0.9101051259601951
0.7177621985779715
0.32354048580188044
0.12234700724086722
0.43533056597916864
0.2746454799831862
0.6908995964938807
0.6311809836250827
0.4415288777828641
0.9774874813400624
0.3782763844696908
0.7845093546797799
0.47186561078061195
0.6465446080686285
0.09205676343745106
0.5560461577982035
0.5632071958560966
0.7283058997812948
0.23306151841364253
0.11671656033429334
0.9824586512600684
0.34213507723384984
0.8609026989466869
0.3584170278145925
0.18065521333191614
0.49880242696040933
0.4919488349118458
0.6039659401513392
0.02540530490501547
0.472481561477054
0.35733720265201374
0.10834184819973047
0.2683453053807663
0.15912982979629642
0.013378359976717324
0.26969126481720407
0.552510358722241
0.8333391847712399
0.6380259602532907
0.9222821804232765
0.362841460803905
0.5751545235350526
0.7694975830916689
0.9170448121686748
0.1338130317866706
0.8061015240007862
0.7556496659844281
0.4735201116649126
0.350081056772212
0.1259383039156926
0.1411361611898284
0.38815437952383824
0.5359956125863856
0.3795291800750461
0.607548418917073
0.32389128879470974
0.4857449223361118
0.4679704067750099
0.5198095724783095
0.2945984763295483
0.22403263886598102
0.8097416683162809
0.193942440634441
0.937278568992455
0.9180900117056185
0.6304888712989728
0.19581079269180435
0.05543492917190285
0.36982002912442924
0.19475822484210426
0.6667070496218895
0.24899130062781527
0.39367542728261895
0.9229859371291994
0.3598760841556281
0.0072609649936523635
0.34123442006760496
0.082597818440034
0.6364289463139493
0.7946853282984578
0.4085530265919186
0.1918027640227844
0.9416688266825893
0.8871378188301264
0.47675652406757507
0.3718757631882852
0.7967262708630635
0.7427937607908528
0.15053389018099517
0.3343653998758356
0.7136666525538212
0.8378822750069713
0.4024409239750564
0.5832438853734138
0.6201789252228935
0.2581574038944069
0.2626543501928146
0.2710826831593498
0.2532121528846357
0.964058477892199
0.006356167523868028
0.605619693543169
0.6468068613835203
0.8911427102607011
0.8091240177790352
0.9436225757745977
0.03915786088650974
0.8196661239965868
0.7026587202769299
0.5668078662424283
0.7648971730888171
0.6571112097700441
0.24005267460519553
0.6282791204841196
0.7780370656657493
0.4555402090743964
0.49025326889524967
0.9040390342116831
0.14360437472988064
0.4003579010610573
0.34838834335929614
0.4067118592611869
0.2875001695859444
0.9489127969859346
0.17759420818972127
0.9652789427997285
0.06671044893959799
0.5423910833068004
0.08292228486581443
0.13022873219815712
0.7784634470756198
0.6211577467990819
0.15360209011144454
0.19966226576914126
0.2731513781292979
0.26508325858483517
0.9608932505630162
0.5045892816412598
0.7122023323874951
0.8359342263906453
0.5432015971187037
0.17327192147645132
0.41005087854954503
0.5730942596025767
0.22057261837880482
0.3933894761618666
0.3407497278317527
0.47269593953879685
0.8832645738379749
0.7901136044750192
0.5438811072181627
0.7094135917397114
0.5812738773217753
0.2570333013675863
0.5191006297141778
0.9657038328463396
0.2654173449971743
0.21237496201753625
0.5796226394119178
0.7649995692704513
0.19951322652900083
0.08756362916073768
0.2632370289207694
0.2260164700732591
0.8246826392681447
0.2103707552278249
0.1897653203334405
0.7993636462181192
0.40785449023657483
0.6007853341880948
0.21153345659964773
0.2846671260069632
0.22091097596359088
0.9863939031003902
0.7737516666278376
0.8427769305692913
0.06441566045572467
0.9716399748117259
0.07626440183996441
0.6456733883355972
0.590313459662421
0.614513896566883
0.530769454528569
0.5156625194170457
0.2089015742312359
0.4460841678940469
0.4886934786021506
0.575665114231375
0.24744439872901658
0.16919648876277993
0.6153117822877282
0.7978787791434185
0.310397813161687
0.9910716995195553
0.4326930642030028
0.9011321135574882
0.5431553164512116
0.2486838918249471
0.3524774072171388
0.3308925796713391
0.9343030408580668
0.22855790964806022
0.8687290578119901
0.10176330436266812
0.5075954767461583
0.4147131998201987
0.03136799803562329
0.38539093056805696
0.42218688260295834
0.5496064002515851
0.041145900442864924
0.7197556312122463
0.22415645377243587
0.5634607583408907
0.8171147333061772
0.6132054134068722
0.010350784220239717
0.8916351534872154
0.2891034359687853
0.49724522989240383
0.14308068326223822
0.7877005446334816
0.9365586271933526
0.8755490075223761
0.6523368856400464
0.1482539201865285
0.0511765834571819
0.801837124426457
0.8003394479526493
0.271999282743853
0.2746305274659282
0.41455036014731506
0.3300354611253641
0.7055199696702934
0.960693869050753
0.25713694285390953
0.18048433006688958
0.25471782911168617
0.6502726402477885
0.06563055350030045
0.8677559968818284
0.12224024452974702
0.956072011020122
0.5961600141942426
0.7979226207834718
0.5431276050962429
0.15749387409465654
0.5037863281412202
0.5430668575073256
0.48794748934270005
0.02054183490166761
0.759135175214725
0.7072582775505756
0.7800661454630126
0.026184571270011392
0.38454093823524793
0.006377084498420449
0.37088858599719543
0.4204321027525876
0.13200421334161072
0.059471412451105765
0.16741191133357158
0.4559361803217883
0.43812766048258334
0.6467381568186866
0.951533471853526
0.662121906435135
0.05843635416238957
0.6252346096111777
0.8293950823438937
0.29535730935819515
0.22701980507334696
0.6823148056377163
0.850175976588119
0.20035092202220306
0.7930790361963432
0.9802847667099771
0.21118114935345533
0.1497999838840578
