0.3182521041127855
0.19203675741393966
0.8826836798425316
0.44633879669817034
0.9591025200231558
0.3127296049649797
0.47857229602103046
0.12929414700470765
0.836189062910232
0.14460530858445708
0.6866174080897673
0.5635390240479337
0.5343744000192583
0.8416701514569978
0.5202903504604265
0.7311934448781428
0.8926728732480896
0.8477079818194264
0.4180465388807443
0.9350926803523161
0.26495655339034385
0.3119249752683926
0.13002345909516044
0.045041631904669144
0.0722921987746491
0.9622346960870795
0.2824717337561674
0.12404706144500033
0.41454813459116757
0.9801713602428667
0.14128665899554604
0.46472138731345514
0.7682086591021597
0.9288971248752075
0.4545561809612336
0.7126895492196816
0.9396976049219372
0.4818670607005021
0.20736549060599696
0.6017012649576013
0.37596915944906695
0.9371942523715308
0.5160999954558085
0.3472459149025451
0.7858285594319898
0.9754450323657019
0.025182020591124954
0.3095199910298123
0.9023922838617462
0.5710768985422506
0.8646120682760208
0.5989803818538812
0.11319681998403697
0.20349355322736085
0.1196334766423055
0.049584369505789816
0.7438897845131209
0.16014623315898913
0.9049349670470276
0.6791779586077485
0.9531095339377518
0.10916058653680571
0.5364037297271884
0.55161125485678
0.9911910700103286
0.7747828354329414
0.1637343367553704
0.4008243162609456
0.8824002089268479
0.11619904274817117
0.7967265882136169
0.4239088667394244
0.12494156760618291
0.060936509621735135
0.7939427476605981
0.40040994244207195
0.34373988586830895
0.3622804967329486
0.1143438874039342
0.9950309023307212
0.5241616566752549
0.18424048490909595
0.20796258355859643
0.2704767610812028
0.34717265602327085
0.46956189551701233
0.549312580974244
0.5573706724746365
0.5034788605861813
0.6888961499386164
0.2139229567969103
0.7461695969503128
0.0320196415233589
0.9858571822842765
0.37539420026157755
0.9016174805990008
0.86827504035405
0.5115984963270902
0.9471782142870108
0.601264041731011
0.06832169869479365
0.6083119712045164
0.12019692313922448
0.7196250830611783
0.18380994523505378
0.5093947322229179
0.30655079279796194
0.3903194593188306
0.4032172144184458
0.6382750745857493
0.8210884899975263
0.05832215454775447
0.14821965088826128
0.6690761097254562
0.030839963615874266
0.5642419374243413
0.30092581171266697
0.8856844812795468
0.03170078657393183
0.9393029284031525
0.35859793489513436
0.9917272159466671
0.5980869427779297
0.9267101946849328
0.07648769687374235
0.6962999071692518
0.08612969761788392
0.9941869240773833
0.11219792085842428
0.5221121430754709
0.4070905538447507
0.32958119878416725
0.8654037645537159
0.03548004530517035
0.7278758711156208
0.3221372559081759
0.07908545888280927
0.40493925389070273
0.4233345233140673
0.0947851248474677
0.08150717144589603
0.8464638944220031
0.31152554142485833
0.377264305830309
0.007260201891346685
0.8973272844065725
0.8757324444492723
0.7902440980909369
0.1306297354159376
0.9619883116444505
0.08937920445320746
0.5339601287118091
0.41180694898901926
0.7359888115491435
0.11897927349500892
0.29802821935729884
0.22320993398116196
0.667241125548533
0.8595291306976446
0.16339575266522188
0.7209990836767635
0.6098697131238501
0.42286720046342885
0.7895003131211084
0.66611686339469
0.6161176026782658
0.5352008088745036
0.005368258550445315
0.017214428917210256
0.7959003323259485
0.666920361361737
0.8471914479317635
0.015969577241789046
0.4706253663745198
0.8754645312930941
0.9873206542999468
0.1366386924993097
0.35098268271632393
0.44007573121545696
0.9296408345639002
0.29681874697471256
0.15677458293145008
0.7822066112628885
0.5914566960931056
0.007131126107114083
0.5754951553328039
0.14625116416248019
0.43869293812358146
0.15736805710160728
0.738679411602242
0.5764738471396768
0.08790522319157601
0.8281895767814351
0.4352035197517494
0.5970688616869092
0.21679426425830928
0.6478342436338069
0.5010053679826648
0.3203948286222188
0.33735820624594703
0.9252817480344512
0.3413803848989888
0.8364098312647091
0.13924678428653603
0.8821660200006979
0.04315975562352303
0.16616172720730848
0.3426790614108347
0.8918223149575724
0.906635436994313
0.12687399395804277
0.30517196850895956
0.9379967324425017
0.5601453225313748
0.7014213107749732
0.6266383711755361
0.723000513351525
0.7645409662074089
0.2666594614949752
0.5421865170649229
0.6458778816247358
0.1245774230485287
0.8479027626053514
0.11880335761433036
0.8755416055754253
0.36869416989459924
0.6007378834548883
0.8823970869284645
0.9070556920940606
0.23291004255983205
0.5206871802398775
0.6351812854838785
0.9156474425440471
0.20133968526594237
0.3503540032804009
0.9409108733634436
0.632556929319768
0.04355235353939335
0.9489722281670137
0.7393828907957254
0.8813127217052805
0.32261215310724345
0.1066717389695716
0.4309567734914034
0.11485862446272554
0.1146591128739507
0.6828386098276265
0.8003858890646925
0.6488985166749626
0.6441605109418708
0.6246017849356927
0.7292331312564343
0.27746765237697857
0.2589273342855086
0.36887110927274014
0.3584177615798424
0.10737570383462336
0.6130164927164234
0.306096030545562
0.4360520526162618
0.18550029714563532
0.7025287379908625
0.5221953515523441
0.7007212090971711
0.6980250767296047
0.9879467605105974
0.9942850703856115
0.7379016992108273
0.6599875857287206
0.6157420094720906
0.8348802692495008
0.4687057619598587
0.7237595910428024
0.3641499678327951
0.4844297846209096
0.4901359176557575
0.9334820009917549
0.05930234670894974
0.13012096818394003
0.7276891962506933
0.8428233336445501
0.3313579989015477
0.4388951695911578
0.09053278360407657
0.7631086934494419
0.8102234143349392
0.6746855565450215
0.2645882962607099
0.39861063901448646
0.7850129501067065
0.37221447626482684
0.11246529178354114
0.7754769922205852
0.17115882104646163
0.13236752091341197
0.8085347946239926
0.5364693311951034
0.17787850767496394
0.5287559427610499
0.4586011677141022
0.4639950098057397
0.7139990721660336
0.06104786146036534
0.5549109351772759
0.47933906462751197
0.6031916980687078
0.7016487046632477
0.7188677360069035
0.9503484847188677
0.5675278145029086
0.1950303388942778
0.4258777310409624
0.6477366047567195
0.4366750785242681
0.46450285023902105
0.6556418521692344
0.005526215154556202
0.8164398081992498
0.9118534527697686
0.8861348985760953
0.4631565526236572
0.185156236872435
0.7676422447429059
0.7984510642502841
0.2841200732947464
0.9313941046039739
0.6120506184262218
0.18777879651219154
0.6065728863326905
0.4654426969263624
0.9004684901816398
0.15551631870930271
0.6212314889551176
0.9281391414991353
0.2955814578219571
0.33853306396425464
0.08709233908955172
0.4292774071598051
0.30382242096208056
0.797982287694566
0.2084391824226366
0.7832002981231327
0.38866725471505603
0.6883115959265117
0.19054723789476347
0.9171964110345233
0.009469645143543981
0.39575776201267066
0.6743856560659405
0.7919202819164959
0.6343887754062174
0.6073207204232789
0.7953742145318402
0.5214442471277847
0.7509349741469935
0.20620242261262378
0.14564486414649758
0.4555726100560398
0.4600275607948293
0.6756451329337652
0.12927039459690481
0.7272997248646058
0.05362696413677703
0.6190889714938556
0.9314120663954275
0.8347420020008108
0.973260600756353
0.398333347234906
0.5514046535347882
0.45543855326762317
0.597313746130458
0.41191814637921975
0.5904560617971186
0.331333499726998
0.8214465198912109
0.290554171340361
0.37387724156315105
0.8842483336009272
0.3020454749349115
0.7622515364903204
0.017442523551045364
0.3149317197304681
0.2405051007382657
0.32752118233719174
0.45474651333127314
0.8017088975599841
0.7757657769697123
0.29358350953456924
0.04409577560707456
0.32757794734689005
0.2603834080461854
0.7272713738052533
0.251738814437123
0.2806400247725377
0.32539014072758965
0.8349944721344001
0.9994118917741251
0.35426867301021636
0.04055231712624896
0.02999298911194559
0.8565361059498944
0.47697755060217595
0.8389925198679731
0.7568162031916926
0.3110955117819364
0.0010019478091670697
0.814595563725925
0.15034987063932326
0.9665030895406624
0.7895542772766384
0.16181832554976128
0.6192710125070375
0.2991036543132234
0.9149626894866049
0.8740463749655288
0.44960570175633907
0.4234990933823548
0.7406636709595789
0.45804099920289065
0.804839439812101
0.2995393096005843
0.7294026628931896
0.7170234943149212
0.06701124787608448
0.8232188537727017
0.5935444391768585
0.6375334920389872
0.6932683712936737
0.7219402400891696
0.6730297684090443
0.40991722250191465
0.8736795180922123
0.03858367400009033
0.6723613146151789
0.8180685025584135
0.6143779973556026
0.7280790438292872
0.18379606751418387
0.6478503406675418
0.6593192766159128
0.8481224282536773
0.987619444205945
0.36773064036611636
0.6923125672164554
0.13735194929923866
0.9369700206212955
0.28824679037386625
0.29187363192462323
0.9625603367765259
0.7086677050828151
0.8939968407825345
0.9916225193607784
0.6639062441541704
0.9593908943157082
0.8559827528379382
0.6271247521535588
0.5826846540240169
0.02892546334207824
0.2547304510714554
0.719626602009642
0.2530096725400861
0.8981137907983322
0.9653082940572694
0.5642701407519326
0.9465990307335589
0.44210319143683907
0.27087139762061474
0.7941643739803919
0.5416613057168973
0.37107160043252463
0.322126180420362
0.5578162339768996
0.5234272231779465
0.3096192838619326
0.15640826619111792
0.47562305613177513
0.6268874151154362
0.5415720585928121
0.18146551707986336
0.8216644468201614
0.4377030208360563
0.3821030559908457
0.23108259794251607
0.4452765986598298
0.023661185315141497
0.4125689119410303
0.03241989142620372
0.1598126828284664
0.8491456903947371
0.33520936222151076
0.3973809377643319
0.07180097859519396
0.7842567295420659
0.9203097021764018
0.5379705288593469
0.6795885264131232
0.6936255339421996
0.469097697886835
0.9222216966915358
0.849047080936928
0.3024193994566575
0.9677206448570986
0.4763578114857585
0.4150105461562468
0.8826446247949277
0.04754915268693416
0.4284682134794604
0.1852666701129173
0.36389828834566296
0.07163789891597871
0.7396919189103706
0.8343797671374208
0.16281406559077893
0.9900532113174371
0.8721690543992797
0.7680590434089853
0.40771960441079125
0.38818864573562917
0.7794392382129393
0.3992085286237578
0.6254544176050814
0.175213377260532
0.01023864587235035
0.6159473218848658
0.8851095016480431
0.8899278190830093
0.3887255273401976
0.6503675451050921
0.06350612103096875
0.9865927768963141
0.15805761283732633
0.2870102287284182
0.9763668827965486
0.391251349337045
0.5708401820139726
0.3875451253986274
0.7621678308826292
0.9673284035576685
0.7945995643540273
0.12842819735687538
0.6708715887796096
0.37475466123599066
0.3869788431138086
0.4085750886583487
0.8453101819517023
0.1661418668717053
0.19458638370909387
0.20691960138600485
0.10425621212183178
0.40951036545591024
0.7366183118922173
0.6446550329301283
0.020297025474417585
0.8602508573822985
0.6952832268205749
0.07571468891538058
0.08067615341781409
0.014099137652432425
0.4297833288368438
0.9408203773205146
0.39648174624614796
0.36187912809846157
0.6172608283214925
0.1398088862288761
0.9034550271720568
0.7038590293081642
0.5111628884785735
0.48247197706522194
0.9496221159893411
0.49048819279882483
0.19860239432490145
0.11100410704750485
0.27476066190228265
0.8568612254226805
0.768884388576042
0.1019796986096344
0.0843319973235197
0.1368192193011708
0.03634871471269463
0.6270629940416467
0.12393228244612053
0.3818429328059183
0.7167212326177265
0.21827117658279527
0.47733843336926796
0.4446670079522026
0.7522006442259558
0.650527653196852
0.6791087811493397
0.9028135043582813
0.18132748135925258
0.49258575841442653
0.17682974433911924
0.1404967095650952
0.5188455086281863
0.9512093714925914
0.9019287918648595
0.8398932356449932
0.788086727510643
0.20061659425238232
0.3368130525861244
0.16980003432586188
0.4967615262091054
0.7167741371946436
0.32390546527642083
0.12993502139834745
0.5373331602430804
0.2975704566905494
0.43238547226571344
0.6639398319398807
0.4407227972520841
0.3750443572192881
0.9573388530493396
0.6093787979974893
0.3135308188294036
0.33431353113677986
0.2517720075651594
0.8468734352102113
0.5966686515533156
0.9103441400240285
0.5667156493887314
0.5051843051232181
0.1370483428524153
0.25772161803686355
0.7598014226084188
0.39843586775379736
0.8347093117197913
0.7736853446706994
0.8693346735981193
0.6013893283620563
0.029677825183798023
0.7387110879502817
0.8656197582790617
0.2358138009707177
0.5123038934917236
0.3928921215337323
0.7037419074121045
0.23561337949957795
0.8004832977823352
0.9010049269929385
0.7892511699607714
0.19950272466598862
0.045650087202946055
0.6843666585667252
0.2108417396293023
0.6344858702548122
0.004884361882362631
0.5507611124618291
0.5854691068926452
0.6674907523986909
0.03717659003135454
0.1325923363560989
0.1878156987526528
0.5266734834030935
0.7509543136255014
0.31572874901873016
0.2004682365752618
0.6279825574464873
0.3387617978626716
0.43839137843643516
0.32537722094191857
0.8229903141276944
0.38393365152059744
0.6551956245582257
0.20634252479258042
0.34193142733855986
0.6683664104888494
0.9589032051555371
0.08512572442786803
0.6557816155386567
0.4970032319687496
0.4639819324918265
0.042069820435090666
0.3912422522832878
0.19823017021604783
0.7481559967064494
0.6915402507008658
0.08757380927709002
0.9977859920228253
0.3103711015823347
0.29938390494034484
0.9957609171237028
0.5564802008460001
0.6581240045881247
0.0163718004755804
0.6135315151236442
0.4462693105146732
0.5812584577277301
0.6178281218194817
0.2945883602332262
0.9631871032301129
0.503705625357391
0.8691739343879409
0.41485032368684127
0.3387574250785984
0.27851271545664014
0.23097401897416459
0.9865976451151217
0.1808908461202663
0.8990889420591475
0.43108472940805753
0.07198821241991693
0.11435886755859881
0.22047683003318852
0.6976437233921049
0.4430195163460082
0.4817078476680846
0.9702852618172857
0.5268187437957015
0.48720038160488455
0.37504913136188844
0.09474412483410433
0.773644620443095
0.15323575617653096
0.8245661211533869
0.6965011520617609
0.18122421067632255
0.2194291180286969
0.4129437825712027
0.5941920672047629
0.8007892598822569
0.19534196441067364
0.8139217967931751
0.22507601499678598
0.8822938782462426
0.7192668757658873
0.8307238264617239
0.1230573527138018
0.7214447022522658
0.7457709512226134
0.39177298931503435
0.7828995748099299
0.6728936368743333
0.5173942712810489
0.6580412913155115
0.1828257471090936
0.40417972033257954
0.8969653694852818
0.8848012961903446
0.041275974307194874
0.9625788636760483
0.8007694562865947
0.3439292935113313
0.932396286733863
0.4640934769396631
0.4316912441325552
0.8813085176533629
0.8413586456139727
0.3650667513552087
0.9294589277401891
0.9083528313000474
0.4989984612270202
0.4624191056378114
0.46019340382405294
0.08363329725029456
0.6833173088634075
0.16264836952149908
0.6543373457899483
0.8984178137543101
0.9530735413829234
0.7095500766532655
0.23188751584466882
0.3781001969763379
0.9919605658905439
0.579411652014341
0.26142027747518004
0.4522753579513943
0.9064053338088799
0.20194748122068684
0.823696944009787
0.6636310924128425
0.20446188310360291
0.35461913808046885
0.7910052891192989
0.874325219421127
0.24159460746891548
0.41790970458398824
0.9608826599114514
0.9108588081223475
0.5591920728489842
0.5782447366678377
0.8563264513386115
0.3176263843045003
0.21246079790488437
0.5093467681692535
0.3633117087392358
0.3897039308858081
0.8037374391091477
0.007898260438695237
0.9926621263335608
0.4137205180368041
0.30931889142464586
0.146538344641168
0.9176671380666176
0.6600705825116604
0.05516161835461697
0.6557778094657658
0.3811600817659676
0.7796909697240881
0.931225330483508
0.8904490699382792
0.06219299635023545
0.8975280349954023
0.3908069199389076
0.702332791499957
0.929147012623115
0.4864854823168029
0.8106628658461908
0.5819976834227124
0.31962902647399594
0.4489356522450526
0.5608297051094709
0.8851913074436939
0.017105851568364194
0.6385296133519582
0.4248134189960495
0.5318561729040443
0.22357051566725283
0.22744007479707717
0.07851515046235269
0.017686020864648766
0.02847807921179124
0.058314303988621696
0.998485363310484
0.7984499332608863
0.11173963538410203
0.5781084141651699
0.4685737407521985
0.7973735182013199
0.7631442835636628
0.752942867186912
0.10196111436039257
0.3911756073041538
0.5563156863627887
0.6417801975536078
0.6662939836244224
0.3161634875653899
0.3688211500213787
0.2662671952212272
0.12182027786340799
0.852900792677846
0.16271714094552103
0.5999256004832032
0.6851412187449433
0.4428741938865861
0.6220764562034306
0.8505593384286106
0.33280691158925324
0.6318477371719415
0.9101323855052136
0.4224523483396009
0.8200343224398028
0.04319367062386803
0.40320082516602795
0.38408934172991094
0.04904281034481883
0.9853278490674207
0.9143497615186232
0.9517325169056605
0.52690421334126
0.5333304348759058
0.9571534468664027
0.9887745811285525
0.1348739268050949
0.8290675549047065
0.6358717336443299
0.8433447646073893
0.7578271560244368
0.34187307043944115
0.20109893986129546
0.17878195335452174
0.00041702763103945717
0.7584227227032412
0.5927412849915997
0.33991832177024994
0.8938770379945868
0.8248217149618179
0.3705183220583508
0.33888166134202136
0.39801282118102743
0.538968775258246
0.14310203319660486
0.3630127775311879
0.5992442556069312
0.5034585804507672
0.5703450137244264
0.02771793242887055
0.4178883203185165
0.5423716436707741
0.6805365850110272
0.8106476147068646
0.8782723530210187
0.9514215036267025
0.18478650011675735
0.6113517193487941
0.5590057397949214
0.1932971322013305
0.5176613557278295
0.4084703396912194
0.9727164259701447
0.20638074149779062
0.8186468435539491
0.13610471403148294
0.24484690215040517
0.8934681720976193
0.46804657188309207
0.012047443375134081
0.26572567677291015
0.9104880923549816
0.6373040413853193
0.4986578353525494
0.7792544247678718
0.7166858113277593
0.32140495558240856
0.7341248941643492
0.6601174599387064
0.9146877773403097
0.36239705564872104
0.17807953680670385
0.9969652474178985
0.04623037711987987
0.3257843816729912
0.8287453354406102
0.8679166514577896
0.13597633937714193
0.544300063069843
0.9426369291491578
0.13241371109333555
0.7675242034360833
0.28017033265088387
0.9911322644803828
0.3664214836558687
0.1803240968376144
0.8321397284367551
0.20728845768827497
0.11480072660909413
0.22497415367056806
0.6945655174576415
0.08188786703923112
0.42194113505066544
0.5923339952207541
0.057747425516117
0.0408758435818678
0.569289528456412
0.6793900261663955
0.9206192323772111
0.732065067710536
0.39085938755245697
0.48580485842373444
0.3276515849511208
0.7875902779940898
0.42570129603998963
0.12260099638537159
0.8119922569466379
0.25090263667463
0.6232559634376825
0.08346763222876807
0.7219085351677805
0.14650399558848048
0.9430861248150879
0.2668494531430434
0.09392516862639955
0.9435085827497297
0.8082816886060598
0.3125530230549355
0.6008536726253879
0.8125432472349167
0.7206351417717526
0.9110336395575374
0.38743340314157293
0.8399530755392689
0.22742148348081215
0.5678838052336109
0.7329577829870659
0.8183541008013536
0.3487747191452414
0.6946059069670814
0.7048208370585571
0.9135544887778254
0.9110625488617251
0.024055614301191075
0.6770927292573661
0.9991652167027296
0.34315222225428066
0.9793438896735598
0.27309670896868343
0.07422822473622503
0.5304254060878723
0.14732609555264686
0.19304920020932115
0.2008089733360814
0.5798269157613221
0.08031011020160639
0.5819961701927281
0.6823517872283864
0.33807365410280255
0.6199865243985736
0.4606094188815044
0.775539358066466
0.26422087158328145
0.5659889380994695
0.15685551559623712
0.8225868892226545
0.4530338660191626
0.6796282035956248
0.6040309634064016
0.25315400494909046
0.26768608576506847
0.8096107286993478
0.5703098305292637
0.8944222950395866
0.6444983758638828
0.8268543622405856
0.7853114729006224
0.08966380551713027
0.4918942589730253
0.34772139670481506
0.16883215897552617
0.31795732876480687
0.9877528851673523
0.7023443733858624
0.38810404090328043
0.9598987112593662
0.6444595137249404
0.8192020385501775
0.8337275471966024
0.9824075934345387
0.06499615638083589
0.26675249993180217
0.8211033567869243
0.45968255835251726
0.08220628013518005
0.18370947501467383
0.6852253225447278
0.38434583786600296
0.10035108725304642
0.7993170390830383
0.7857949505069631
0.9547147009125555
0.17483105198569016
0.5945716961375761
0.3545826147490385
0.7008118158514101
0.2633287833330423
0.40200821447192014
0.9998548505377435
0.45322488843906006
0.15869786991394985
0.08427155580062984
0.04883335382077425
0.7226269871324634
0.8609442297594543
0.2131073622782107
0.8957953727085491
0.3522995860254975
0.24260729610236942
0.6655383156040332
0.36776221220869254
0.3801805823904886
0.08273689558675223
0.785721180834813
0.32536036258034484
0.058409907723527055
0.5549492970031835
0.36146228107372536
0.6889184399716122
0.044565981913460506
0.8592186900516967
0.7533266055224446
0.25091632586535195
0.7429970346358287
0.7498838284944119
0.4215878666072538
0.41840673071048773
0.940753910270302
0.1858326841021758
0.21643138678820129
0.08318828116173438
0.03608494305244703
0.8523945330494629
0.8700883591371896
0.3441170089985809
0.2188243953688802
0.6360135495108769
0.06558110434341768
0.3828806871479452
0.2656009416530325
0.508711136906519
0.5195785093404437
0.6943676070148539
0.315902006194939
0.5345941631536539
0.9259442770472618
0.6748459625947203
0.12076118082886134
0.4298140377362403
0.8665997679238506
0.8992300598345214
0.6306308249657164
0.011246549828372476
0.7150349197499098
0.4425575994165397
0.08074671468801775
0.004468598427338155
0.24981418738334715
0.03404639358143424
0.2273556801162273
0.2394627303676653
0.9984720945978373
0.4410128694526507
0.49090246553300887
0.3425769146941454
0.766392794292884
0.6477729583176185
0.009265041867014046
0.09577596433973856
0.3365324415184435
0.19629323562250456
0.6706458632666558
0.9108619671158145
0.5987137527681563
0.009112424408982522
0.2640741448978592
0.5895650205859041
0.30152257714427944
0.5549849340195273
0.26844985426772894
0.18574287499866415
0.21651959734936577
0.17935404927460763
0.5921282120437535
0.5898916494465383
0.5999542352038821
0.08766473579512635
0.42986807751388323
0.4561107603564263
0.7455125457620152
0.12243871058681943
0.6815566121254744
0.967183802740279
0.9494220754403644
0.19873875605889335
0.9478066061854314
0.8447670912303351
0.5823553277658978
0.05831528390842422
0.4471649570583771
0.7192182896577571
0.6125924649214177
0.19441325922190988
0.13317151109322267
0.8435511031756223
