0.7213725193175153
0.09234880611163399
0.7028436405246689
0.8970842551092416
0.046769546630331726
0.6144625012962704
0.68341777734118
0.041654171719501254
0.3634086032347251
0.46538745568409545
0.3699404226209472
0.302964009494615
0.7287909507860004
0.24314713404640553
0.22301448896342968
0.7769018635576093
0.5928559055801822
0.673057981057554
0.5533040156217244
0.9099925505442267
0.7808607506700793
0.5958985731233105
0.24495657421832762
0.6257884939446813
0.2225838114990587
0.9546316473118567
0.7906581583290536
0.8164791702767772
0.8823158061755219
0.15435546280920576
0.45100220255461976
0.10874716289609021
0.7159322235229622
0.05022022619280386
0.6490619663268598
0.2820403831418231
0.11804455639789568
0.8766432913308406
0.6851658796057428
0.6919518411938071
0.5546532160541616
0.687576853038564
0.7832430135517923
0.7859765323108249
0.6553454677562608
0.8857054758577843
0.5108100425011916
0.817694808583769
0.7273511189967838
0.8770044165666243
0.29259486925259304
0.025198720823746856
0.3438443114102011
0.49253957611230215
0.005807336418417797
0.5770582675650447
0.9288316637712926
0.4939565421648242
0.5152993089161513
0.9086306064294369
0.980816331366023
0.8526513733568483
0.5112659059971484
0.884763985244038
0.686059112942789
0.321934924474212
0.8417716027340081
0.4073594108419465
0.1515968096683472
0.43873772775463704
0.3325521574136825
0.7937549573739924
0.7110923659545314
0.5047384633175291
0.0246153197084491
0.11591475858768474
0.5878058364654021
0.7065328286060418
0.6449669879096956
0.15961749064780828
0.4863748879155516
0.4931022838633571
0.3242319750760637
0.21682942453993104
0.822264908705067
0.7564967856425835
0.0907185851063601
0.41576139763591136
0.18420813980543893
0.587480846985173
0.7426555476237865
0.5803962735096642
0.07294630162366611
0.03915230167141548
0.4559972227395225
0.660902613391894
0.0966120546875553
0.17709099814267792
0.9361150264655689
0.34139257693739444
0.7345396751850304
0.5693974888681148
0.6051927643245866
0.39980588926311356
0.6946100076658132
0.37814073031989703
0.03074120196404384
0.03417280217696261
0.978557650721977
0.5109867438228803
0.8104858877187273
0.7279528796464709
0.16255264595392716
0.9649517952638894
0.80294805537033
0.4705308356717006
0.2648852670770069
0.9058421706736233
0.742265382950458
0.4593693925989545
0.2623485179746713
0.3420030302892316
0.24121379476814375
0.5544166500639894
0.9429702363369448
0.04255939566906952
0.22302246939444448
0.09582785915824221
0.06678394138150656
0.8487619597294687
0.39733573481610207
0.4123121816981107
0.29419618932553515
0.9072083893891207
0.4380711454896742
0.4628273185325966
0.020545502799086734
0.7914084940440929
0.5186436130654049
0.7339599090310535
0.8454843784507224
0.0022445514043408776
0.5471878155570872
0.04212123553230274
0.6987645763161
0.937923300293638
0.655358063979499
0.662333572942901
0.5697149258272177
0.023335362205861965
0.767060961860261
0.6048427055816238
0.5528152514349453
0.5774511737060127
0.7509361724157574
0.11898288049382288
0.1510180618600251
0.13333071185077694
0.9592102044400349
0.6214735217632933
0.6927033560847025
0.11773890185333846
0.33753598594657086
0.2466989330691075
0.15487546525406226
0.9769128604757068
0.5462183266290424
0.9034059001624697
0.7759790946586019
0.46863820812526924
0.44856804148602114
0.5526785144518351
0.355827028168482
0.5444178120312425
0.6027543018325434
0.43322411519487714
0.8963946958992294
0.6849260838645067
0.17325013479539775
0.613105318724916
0.5250500682257639
0.36252851136491415
0.10224258459088809
0.9729365974965971
0.44586528990442587
0.5423787014339748
0.2853172287924324
0.6733757105804479
0.8245879646597318
0.8415358660287523
0.48285795730086045
0.6786720220396292
0.6974475869338553
0.20317870349771316
0.5485928228908159
0.07445495383024536
0.2443649315665254
0.520222644823897
0.9711846901483087
0.8276051315622668
0.0560669308258388
0.005383451947443274
0.8148575946973019
0.929667313249033
0.7923934663111508
0.13974437169915122
0.7425383045650823
0.6260859317249047
0.7635085168833434
0.9322198230284523
0.5561694809907002
0.38889757865494534
0.6819451063829878
0.3156673473792142
0.5559004301380218
0.30871604509854955
0.4848908861111819
0.2842003320225679
0.11048214169053105
0.42263238850743845
0.4283926061451342
0.2316225443828861
0.9506363273848761
0.2962420476806715
0.46707589697053864
0.6327342606450721
0.1606092188105469
0.8029405670347431
0.5890901556157322
0.31074510564134183
0.2771147137700427
0.42970345141446276
0.4594216279429344
0.8771536409106667
0.9983643056225515
0.5441423586150602
0.7626285916404559
0.2837919674010668
0.19237576587337546
0.5176999308739271
0.474870155810991
0.5155380460359581
0.012692706239751939
0.35737106837317234
0.6119868317261439
0.31809303476124284
0.9818489071970697
0.5266043263610204
0.8377763712754059
0.8184151515684043
0.6494893604199004
0.9950779243275885
0.28786692149356585
0.015921424354904845
0.6377162283428353
0.9103715479872466
0.7870188203787079
0.3478213361551238
0.3907057048778513
0.5465852336944509
0.37998485129554893
0.9947190292949564
0.5259746010324297
0.6549453921193868
0.4860431413030538
0.3658567925579429
0.2707839498156037
0.752960471065632
0.259785377219508
0.896921620251949
0.7961755897289798
0.38695263740184926
0.8944093154370479
0.31630916105917983
0.6963912826059538
0.7349113072776692
0.18449620700049063
0.1709874088498763
0.3794045003984122
0.9049469508267759
0.8764283802074773
0.9024058382290021
0.0004974123818969334
0.13998384090324467
0.2869453659504534
0.1912520952254566
0.28827676047207385
0.749210958274554
0.5569105270473677
0.8560578363153114
0.45203118940454945
0.5759699300046528
0.7643130398362469
0.6302155165234957
0.37547780246216145
0.7298296823449659
0.40812791715722396
0.9673142601333158
0.08685410185008613
0.6914789812403416
0.5419227253847116
0.28504928047684697
0.8175807780377632
0.662847127306675
0.8642734699621086
0.6036298068316684
0.4611598285443095
0.3392454204838752
0.6988066877419503
0.07849769604412449
0.4072864820485129
0.34492905569258103
0.5276868170434713
0.21929166557211266
0.950272541193385
0.8571873809838486
0.059015113585307644
0.3704564896751501
0.05202892246835955
0.4743702953999682
0.9994062216394548
0.7951104991893685
0.4203650389050789
0.24115555852090154
0.17706347510062237
0.43113283198288566
0.14992932090780176
0.25215824166455525
0.8139494677891268
0.8186208369956057
0.67363774039458
0.31120200202775594
0.6913765809111309
0.7392308057039342
0.8203077855744524
0.8666392861872808
0.3014830672650548
0.042368835182755915
0.4502110168039054
0.8570884134974434
0.23263515479436836
0.13368068126596544
0.5448783956777002
0.2513761435562226
0.39564984200964304
0.42374230824472403
0.8853448398281227
0.608249244716141
0.32865953307855467
0.8378464463977348
0.9790876467510679
0.7738002442941649
0.00745454223308939
0.5277567706110715
0.7292967676277765
0.35739452169375596
0.3080383951870205
0.7272371147379323
0.3222689943956548
0.9050166780989998
0.5747577696308989
0.05809596014164797
0.26034609867289704
0.32919242935419735
0.3595127308255551
0.4752516210755747
0.5775969588992166
0.7018650298938817
0.8195325015217454
0.09786528158225982
0.6271154162080536
0.4570603447944801
0.0161130413169166
0.8722531938909256
0.38946320923425237
0.40870592079597845
0.3734413393423248
0.08123320244054721
0.6113687376435598
0.7185219542749285
0.7500737672265723
0.31696726271542774
0.6214575440899807
0.7383752008804219
0.39789639875027205
0.34217337412882853
0.4055641491471038
0.6897816818558932
0.15301798311524129
0.42834143031598915
0.23065739102571758
0.49709493531106363
0.1776320320014122
0.7122265771755957
0.25491791993400414
0.23942180559188442
0.9831580843195613
0.531897604242566
0.6815859392394982
0.2425241660415287
0.8070958346218963
0.6080584280556118
0.6032788036946072
0.49190574948039445
0.08811154916655473
0.8707131841827986
0.0867507110179827
0.41837726703399136
0.17194362181546718
0.5409762272293568
0.7557813884067313
0.8857247146992159
0.04441654849652843
0.030780638793080572
0.5101441504202457
0.42232423080905834
0.9680611773662404
0.9766078573106253
0.23304787147646966
0.7499250705164476
0.9335389584490464
0.2997263359367749
0.5179017590457095
0.6398003748219397
0.5517828763791777
0.8887439918818334
0.9846284926315387
0.4103578214256399
0.8586341784415438
0.3983362484963975
0.4848402966733075
0.2950363504086174
0.6057160944433382
0.048978338615028205
0.0889000106579414
0.30254785367657444
0.9033464599020652
0.9014378618101195
0.32723006974044344
0.037046618031298495
0.14081230433097114
0.9460863660204882
0.054917125523547994
0.5193997825839182
0.5021426266988759
0.27564596700534283
0.8766340728005737
0.07507633063541719
0.36061038114161426
0.6547583852163927
0.26396602402386526
0.23042351169944786
0.6270560265318101
0.24270962614205027
0.28079135267652666
0.49229257487501166
0.1881366240941511
0.42430055942126854
0.7467956759439411
0.9279196122054616
0.1257171647840738
0.8804608948060074
0.3278180760658349
0.07456863431506344
0.2965154351460916
0.5943605133712864
0.7377812673476087
0.3992233291833325
0.16753747872089286
0.2651283937814686
0.3151265731667372
0.09679706483473716
0.7263100505135079
0.5843185927903641
0.6522503125531445
0.25991099384304783
0.6164892180386987
0.25574087239628973
0.3866730431675355
0.6120883780206079
0.7516349766450211
0.9042377500995096
0.8104229095806389
0.9766177622675424
0.519547654559894
0.6349537380262223
0.6585536323116779
0.37222180484573064
0.6790778904565066
0.17568819149227344
0.45472072410153286
0.44714653714481367
0.04415527938379116
0.8237476023340212
0.7090120303470958
0.6082295703502059
0.38748522136818553
0.1318605715791722
0.9315028610444023
0.4649172249106386
0.7832913509209615
0.21624670369615817
0.963822276403254
0.7406285292219884
0.34676606110884167
0.5603354528132637
0.5447466045909687
0.8791441545347595
0.6992833875843799
0.6829859547971693
0.028509868457307075
0.9993022845575716
0.09601096913999829
0.09237017355518029
0.9200041088529328
0.5768457750206858
0.8166358508401479
0.5738453165236244
0.6858124733103644
0.7470470793922951
0.9468238366390525
0.7469065435211674
0.6298572039611426
0.6879614142731608
0.9022788240308297
0.6285725928581023
0.26377421700894477
0.9986336915450238
0.6008018350530362
0.06088425660673702
0.40000310739737377
0.9027069078926234
0.9841198286746319
0.3506977563523156
0.5389176792415016
0.6975081008608836
0.21992066216954675
0.35690007222101117
0.9478829108011895
0.31944560051027493
0.7959631332675343
0.6299462181896359
0.6875001923465298
0.6106699488816636
0.2817526645910883
0.6409220867249794
0.6209317906278751
0.8715471308604302
0.6575699631082725
0.09943721097331304
0.2086731949679781
0.2612642926790786
0.292486991622538
0.24242137638842398
0.8793620107371176
0.5285434371763401
0.5159325076461513
0.7528139000013574
0.8084368371586246
0.00433197813280084
0.036994533969462395
0.7394315586861367
0.8003165504765836
0.337824498638958
0.6667646270576028
0.3333332556770823
0.9602447446867434
0.7635989905736686
0.9620806818885687
0.9649448696279328
0.880631994681444
0.26522406284676314
0.6855944826762056
0.09541466562996093
0.6561555839412272
0.7998872933436567
0.3835127909968662
0.1393835467213126
0.9137214211982609
0.5955132360461581
0.011291066299115027
0.3401128964266008
0.9114921616163285
0.6712501110108945
0.7938297039525055
0.26921578118823264
0.41198226541583793
0.9173523871632878
0.0432320506470556
0.7480604760986603
0.7817031849672096
0.017214962925223065
0.6777877112946217
0.17488893401607242
0.443117708071734
0.8599699636330875
0.6278716651552275
0.4801394206616456
0.7021544355970042
0.03763654167032193
0.4557000418428476
0.43718273384902095
0.11511942598426161
0.6272764493252962
0.12976040411972212
0.3973789973175892
0.8611123280700125
0.5348913104313077
0.745071379561565
0.41850803315952567
0.021431481987530532
0.7126472798260753
0.7007146070395952
0.26439265717113014
0.6000550959247847
0.3026393091255155
0.22238643470657204
0.9763245643135489
0.6951984066809321
0.6868452460885267
0.88209789087453
0.9473378276677112
0.46871343373593843
0.5954261095694564
0.09726361330074773
0.7674877878941047
0.4055369213423621
0.46252298351095633
0.7471677956786608
0.8127961210492024
0.6341635062460329
0.09516054239978566
0.4488459698040178
0.3129698650898184
0.294774797005533
0.07715127765686436
0.5343875345501953
0.41254935533593795
0.30295434639209373
0.1722134439063202
0.29512519620115985
0.5917360468663435
0.17157612690851132
0.9509932592927017
0.03275155122179518
0.43454056112530803
0.1622592494374009
0.07305552650758296
0.17602526883036484
0.04114145336818864
0.19743289739829584
0.36080670477482246
0.019289169371544124
0.34438514201288606
0.7714601057459076
0.7488169095388466
0.04550734334650974
0.9155501123122626
0.9346813461546993
0.5334767294351656
0.8146179543450965
0.9189815095483063
0.953091099379366
0.0344844545754619
0.6469105733208008
0.8099899359881112
0.842952606800859
0.9756978382099056
0.5039764254806502
0.6217574804048955
0.2438028080301058
0.4709042039788207
0.5970536020355562
0.6634183121553309
0.3574784524687318
0.040938626394401156
0.4592265116368439
0.942765182905817
0.9552067827883917
0.9628070374522324
0.14707186947534046
0.22741399509874372
0.3185911233512194
0.01642343306538685
0.25314207252394294
0.3633108819858746
0.4763968362804897
0.9392365209413647
0.04976390975125289
0.43727066661297354
0.5275185599860353
0.026466173352503786
0.9091422339063429
0.08855552590681615
0.1846730923607327
0.10438777971080038
0.31640255362211167
0.32585873084123895
0.4874054406688778
0.26846382988642925
0.4586267206718748
0.9670148918891875
0.4490278956277466
0.8077575103974995
0.5909253449609422
0.6569297566808491
0.10026891840538243
0.8563472281720755
0.17141668378494745
0.7545917897813841
0.047133051770521406
0.31393247951487857
0.11225777253629077
0.0019407517693269538
0.6691188940211533
0.4916895940214331
0.9814176931616102
0.6616421088848193
0.8410135237960141
0.8949862394924938
0.7916177046842712
0.726567036690647
0.6475574414008648
0.375550930135765
0.9596807509712216
0.43399026863457146
0.8314216521481615
0.9587325604587357
0.9359200957190307
0.2610758212033666
0.4855997609562702
0.7531646290817768
0.6673995512439325
0.5976490318057108
0.49526900896146153
0.9017665114379445
0.7807004354331339
0.8471158767550115
0.4549232252762814
0.8854390666342928
0.1966799480382242
0.41692365495919714
0.4437637871514438
0.6939673819239245
0.41291912138650655
0.3304104300568753
0.054524143914541856
0.9529651608171504
0.3425236682536149
0.21439953298963055
0.5456310786621075
0.11584016405845887
0.3020520159152459
0.23590891020200033
0.4856926855000241
0.14058333696223668
0.08723435864624052
0.37788076687393823
0.7545923846897313
0.6002893291166507
0.6646746257521906
0.03807621713279996
0.6051843125540917
0.9573588302490996
0.9871693308042728
0.9463023974833652
0.9276705130037783
0.7875550554213551
0.21265372679280692
0.16655365699377755
0.6011002451435394
0.6335782221229651
0.5602474968018463
0.6433051116431627
0.30262280336419733
0.5129095095795055
0.9305980496329963
0.6155203918322893
0.5359861575944994
0.9892278181701614
0.7903410029773301
0.2700815756178032
0.9242916620197279
0.8699628190560803
0.08632419021147442
0.38239132089676553
0.8376424217562891
0.07790096067911545
0.3848753813484048
0.8783791429836143
0.4272399943535613
0.6801474407809655
0.6209995311418117
0.19539613474853335
0.5745879580045707
0.38780688258117346
0.21145860749919188
0.32402236884370206
0.5063246286318783
0.011317361728449882
0.9090190277518535
0.8781327623526128
0.8968193819861472
0.27458697401797794
0.2250485620782431
0.1672050747561462
0.18078515897863712
0.8246478150099296
0.30833647391929364
0.7784786672383287
0.6061145110145767
0.5608282835931236
0.6485105670634778
0.15575875047768106
0.40828298425285003
0.6380707256380471
0.25117379255785655
0.3586534654944106
0.4774780045364815
0.18628230194101103
0.0062530231314242846
0.9009770574555538
0.568795665944595
0.8964039603214402
0.2029657712790096
0.023516879109731215
0.36460494571223556
0.5407972150523822
0.9326061075434416
0.001926763056846581
0.5894227690225715
0.26491772667352975
0.9609517925897684
0.4509262812859526
0.41924627107902235
0.4141807396809012
0.23796732607636017
0.31976487759316885
0.49924413768567677
0.6391515245820646
0.5534723512497285
0.4773434610867393
0.7795986697144077
0.41247217324396024
0.42597415032308594
0.41877153362544906
0.44989047019661754
0.013795709626412966
0.7422714687937021
0.532585304503528
0.3168341954247196
0.12315986456650829
0.5490519807393298
0.19426971874815913
0.5754747390095446
0.9110123096905487
0.014771259193279374
4.8023506413752415e-06
0.6796298683361114
0.0781810513280703
0.42930482053148933
0.9136441081687618
0.35825829546758814
0.81232994500625
0.4328696829087698
0.8371755285009274
0.9557337329389183
0.2590832209561601
0.47034173819373104
0.4856143782373996
0.04460557104552665
0.05717145595673445
0.4700734331488895
0.9445699973098418
0.04963684377971467
0.6321818711299058
0.5755662243158935
0.30137457067548645
0.8462743850566528
0.680897479420923
0.3444807369861609
0.6633642897385646
0.0011794015541746194
0.5889486161654915
0.7028019301511046
0.19622669246707858
0.7762122835029917
0.38267517032470044
0.1774560490502205
0.046462355568428926
0.8592123144060924
0.21976114454282603
0.1502653198730044
0.31566701299561073
0.30601860520862123
0.5716411654033996
0.1888997372520429
0.3169092714043751
0.7658661959244516
0.894322341689604
0.5598024420164024
0.2391332510347356
0.9346540830138553
0.036161719847959684
0.7119141622200422
0.6835829094399765
0.08997096186989595
0.9758855844551119
0.25333263082457713
0.8932832598896752
0.934336771646434
0.2632615134683255
0.5993117116511044
0.5517596503274815
0.4990400056001245
0.2855194633301745
0.24218916518716294
0.024285372061724653
0.11824700141038424
0.5972297470732107
0.7979587624869319
0.43324647374103775
0.7620963314346281
0.9961195890331591
0.12601583205319655
0.3701617728563442
0.4649213026725435
0.3238074247835121
0.4566610497683429
0.2638027225389228
0.6832548607008161
0.839170288547212
0.4671421640290532
0.6950604281621064
0.4159658260000759
0.4265129364002437
0.5323589429055099
0.031867764192420434
0.6623211709678659
0.9779875664331129
0.885029649012514
0.23752411604880486
0.8811060814395738
0.637587910014423
0.8057690828638441
0.40330128564595624
0.8799861766979887
0.891196308093405
0.16932442630212052
0.6041318810465807
0.919756772486575
0.12192788394148768
0.7494216327213216
0.30173494093630715
0.8100250922264796
0.23536414323557475
0.6795153395586783
0.5694318464638134
0.8828384360016976
0.19446085817574277
0.44844220410433144
0.15751577053017307
0.379185993292256
0.5186970886315584
0.3396081920152577
0.1125222565611037
0.5227045055590589
0.7275382164095371
0.20692091646277644
0.8627816502909985
0.6457191843417984
0.5419292799886326
0.7514037814767023
0.7242223405789544
0.08227925749032383
0.7299648711064824
0.5244572848681328
0.6713402631233278
0.3448281865179563
0.5050513998095448
0.02213434250804669
0.7603061078583812
0.15914619150862241
0.07020461923803101
0.23254873465079395
0.9833442540208294
0.2329564715251814
0.7316293922634229
0.32803392651630314
0.007597807407353052
0.043717232284331886
0.1533458273156244
0.7110165488821825
0.9622518266961902
0.4318765162059748
0.42543478522769573
0.739777897788906
0.5598922853743703
0.10689479837382909
0.5937921215755413
0.4368581609087657
0.6702943583432079
0.8425408741561231
0.03647963015589428
0.7622195266408722
0.9400000657345832
0.8901070155444752
0.05523746193369006
0.9734195946762849
0.3647577813982964
0.06734822947330221
0.9999769773839656
0.009197767544684599
0.025762016439758395
0.011325433992259049
0.5234044369542853
0.19500123811125292
0.3933076622506555
0.7650989638911374
0.8899587746133653
0.2755837333643616
0.11699055438508288
0.8396209075994259
0.5810771005616787
0.12021275362399808
0.05134679436592704
0.8187099393340028
0.8756012510425671
0.987091576821098
0.9365920756552728
0.10410238568492669
0.20093233600876748
0.24678416699622274
0.8462357455048365
0.6571996101470972
0.4771780091901291
0.5389625962871177
0.38376769144109846
0.19428704224223892
0.13895586424064188
0.053534383270485986
0.7671641924781563
0.2607606401953251
0.07997082328207727
0.1829796775843061
0.7545864793830216
0.7001950634033081
0.2621191742777328
0.05474740924482269
0.4930583122216312
0.9896694841168506
0.10894438022200048
0.24912606652110647
0.6952037546218373
0.6368608466524095
0.9837954363491801
0.6577734248945627
0.10203320016983353
0.8231495065717988
0.9751817283675965
0.8472809190501601
0.5908859768509549
0.24079684446980265
0.3780085955068717
0.47301442250322057
0.5180021877094912
0.03714457242911262
0.9072125948161567
0.6977992822330712
0.8893869145571828
0.8549345371147042
0.06203578738020099
0.35715120499563735
0.7831289943403569
0.9422600592586586
0.34278904718302206
0.777199083365255
0.8942875346281458
0.1324894606527096
0.02751796250915406
0.10974894464512563
0.868095522996551
0.6706174634539833
0.05732440721054355
0.7838681423947442
0.06615691935622137
0.07971348012600177
0.7980586930868798
0.2354911829898788
0.26115861285241904
0.7202740541070448
0.6060573712857011
0.5586849799792313
0.7250315853747002
0.13563774365022463
0.9004436195650306
0.13009708072703796
0.3083903773837995
0.24229011729511996
0.8838432764495082
0.5705469984779545
0.17392891896475016
0.4898053795674878
0.8332915001899465
0.09704811749388498
0.7969147111263285
0.10040011530500137
0.7389421248312921
0.010515169389888057
0.10848951215476965
0.8626690448758797
0.21181835853214126
0.169316560216909
0.6909590656715981
0.2716513827105588
0.5382470626286346
0.7694742341790413
0.767371934850064
0.009665357937726382
0.48376085347164766
0.12376673545910133
0.117917764555732
0.4606178748538434
0.6556799342000508
0.7193717086513254
0.36924357324447954
0.8109693200135557
0.8692361914616485
0.6461588813804914
0.28926316436434674
0.17118185548445708
0.5478838912517278
0.5668187263684289
0.38489971494103514
0.3924906156708986
0.7228321010016517
0.4043601980015198
0.41412077471318565
0.629530727702176
0.8422807936042275
0.7496027560760177
0.24395497213776363
0.3644375293549673
0.258347142271653
0.2164997651414321
0.33450662854303537
0.5308392161387497
0.5695188995451024
0.14519329577983064
0.28955739864793584
0.5265379446372754
0.49349002074902915
