0.8041497426518478
0.934393785700448
0.6036832419677265
0.11001382237378288
0.9000671477622025
0.945847757608009
0.4161764140448657
0.20330014891904613
0.9462866853042143
0.6174589631942868
0.8504235233893116
0.6167204211903192
0.6949910100219562
0.21496535425815388
0.13556164308861218
0.7365418567287455
0.8516401837493832
0.03259658503584828
0.13250894239903233
0.9906589044139341
0.9962037188400936
0.34974626633982375
0.7998159004106055
0.45386162004544117
0.6568595630381008
0.30440179335638584
0.4661892826901498
0.7065084293477717
0.9956768259968909
0.46359224536910637
0.3446377388198292
0.08093452229844744
0.707071332377666
0.49707845059486133
0.9322569664225112
0.021498210527241768
0.5252948792471566
0.5042729125927365
0.8099203799413247
0.2754318616403534
0.7149471085941188
0.46758960759306656
0.2581193939135721
0.048425667669004024
0.6548823920356673
0.05555581328011616
0.8667078093956005
0.13979673350040878
0.2161828375876078
0.22709029360455701
0.8921087385359516
0.1990351329845158
0.758775518757752
0.5829333450213469
0.4141741390457353
0.3256366177523339
0.28858280628387156
0.29509856605783447
0.7704389938819827
0.672438036650093
0.530997652852939
0.310996225313256
0.3657705192929327
0.43303868627092923
0.34197891579904494
0.8301363082112971
0.7214177760805918
0.7245205500863917
0.577713570402144
0.1890399462655178
0.11528683305517096
0.903473809637944
0.9168816501154939
0.8895069320677268
0.5176665964182758
0.3843151643575424
0.686351310295943
0.3522778955572846
0.39288359840277975
0.30181516411283693
0.046504525884967896
0.416766196228722
0.1265197844862198
0.48349963630181114
0.8045987181044095
0.3067435333551116
0.3465939956691029
0.27407265689918325
0.6100818454394772
0.34929883222291847
0.622843406467289
0.9239527424218731
0.12208135558466338
0.6234220976811238
0.6774578329802128
0.3076593230682382
0.12485767250873137
0.21467205081805907
0.8512865755166793
0.9972566249599253
0.1933754820473359
0.47191289751938414
0.6983988540225838
0.6560675215102486
0.8579659745257244
0.17972155692060732
0.34103767643559457
0.3548111981989188
0.36768083630821236
0.09187293729102508
0.14748923811702486
0.8204636310139581
0.9018741786393936
0.13880806001632784
0.37704201733597575
0.6132743184731944
0.808995396397478
0.2580411473839289
0.7359181878772758
0.5738370065872477
0.14471820932061086
0.7379638621699284
0.9733161146735451
0.7161930977281273
0.858402886576732
0.7750174236210712
0.725440071513821
0.8089382547836562
0.24838960193137216
0.3990612160773648
0.18926859708660604
0.4229136914608741
0.9877518638366801
0.33741516609900246
0.5370077274856802
0.09124015131091578
0.03755751787888684
0.3471870184359802
0.43527411191128906
0.07447347716710495
0.099607707047778
0.9653824256050644
0.4797004875907134
0.7161335123042778
0.740113411326469
0.43934199046998323
0.5165942401357375
0.12193663228685303
0.5489272510637329
0.8642198437728359
0.5152893239756621
0.07780833814926391
0.40349159276870583
0.31812371374427606
0.016607722569888406
0.1866367668584764
0.08377371791532096
0.19338344590672452
0.5027977331625558
0.9667933019944374
0.7753364083774934
0.25692555770663095
0.8835052454065666
0.7267603088671662
0.5837949666302146
0.5548002260588253
0.5702799545756768
0.11654736173393732
0.26255812010398993
0.060906465018763845
0.7230703760303582
0.4370818921804882
0.46372596576642067
0.2204243988970418
0.8150685402962733
0.5466839930947532
0.41277231131180026
0.6214090571829667
0.41149613676922625
0.005729868897025869
0.9822518733768089
0.2031092321843806
0.8668124349581219
0.13639371986700743
0.06479088728539073
0.10739648165812743
0.10610159070818304
0.24537672756285123
0.4544694533689321
0.17285442577666688
0.7236248569247321
0.6413039856943729
0.9519092279485818
0.9177246444835818
0.913633142650474
0.0023321244724493484
0.28961432243269314
0.32608367974086505
0.8579960978215714
0.33138805860041487
0.8983345333179582
0.5755060549328445
0.6028228671984267
0.5416332216678122
0.5160810320322994
0.17992884299562018
0.2477273720917036
0.9142810485915126
0.3229157788608329
0.7802599013677245
0.9063613808204729
0.21243509342800582
0.6770628953299473
0.6381543429735261
0.16873384929323332
0.8040414859482181
0.47920713562788586
0.6125564464761785
0.6549971972103295
0.25691098822240355
0.46124809862039096
0.8159741283148827
0.6569071473295882
0.9940223969525723
0.37543094358450135
0.537608752960277
0.6118718891634367
0.8201425709744854
0.2724032084926994
0.4649045557606465
0.6458013979139191
0.32125127851036583
0.09124614380542606
0.44074888968928416
0.35464524595328617
0.9794936197228793
0.5982468294552534
0.9833379846531449
0.17087524912704455
0.9162627395828288
0.7755815895073875
0.45874593745837255
0.8694869844689418
0.3386674371887747
0.8882270929587666
0.9406368639798455
0.7054825464621489
0.6457442868329764
0.7094211114357316
0.6061734782520215
0.48029201436990454
0.06559862244666048
0.5960558806691676
0.8553810530362613
0.9216699467990211
0.5925363151911144
0.8676659937127188
0.6143277735775231
0.887616938586902
0.21983655058998008
0.47785367263101997
0.01602128315418605
0.6012792235530465
0.027878365256705395
0.18995543303495865
0.7518763111272814
0.37570423111354245
0.5124830603497325
0.3618564556117966
0.05254141523219924
0.42852036064389487
0.8879664153655231
0.34244908790215234
0.036668446962386025
0.26641144859611754
0.8616888897543412
0.05992765766162056
0.06310462062922095
0.021505149194460893
0.9251612954645605
0.8790020063049101
0.5194382337750002
0.8378977029467712
0.16300802697191663
0.3598776043180718
0.8298446538563672
0.8324152859114038
0.8168280775541678
0.7019736958041273
0.806786709322566
0.8733069229593744
0.14207101442495795
0.4774750207010463
0.7667397485789624
0.1976777972183048
0.8391555467574672
0.9530890561998566
0.8326753848663854
0.5272516537374238
0.7455609947309689
0.6493420638913792
0.8972205393627444
0.04232087851638244
0.3801008387315026
0.7001931530181665
0.44320142714840005
0.7165904964990294
0.0474519669754474
0.3882348436333122
0.08365300431613754
0.22977660969937008
0.0964655328798345
0.562898149618885
0.1150806353683913
0.6836386982543604
0.8934906681321667
0.3042591480340454
0.16114342342089405
0.24463038591000252
0.06922729640599778
0.07985550541442965
0.7898298611091428
0.22303803891219998
0.22609691282184763
0.7059313526979848
0.8681597747347519
0.6521606904173155
0.7938815183102607
0.39318476380355627
0.2576492360393803
0.07773437626688762
0.002473011764303923
0.32679028680382427
0.996484222920039
0.8549984500998723
0.007086667755060949
0.05689225046506252
0.6664991821322025
0.33164308997513803
0.06950690117253744
0.4456662603104353
0.3496541557997984
0.9645401098508933
0.9357354966465616
0.6499184264294554
0.20583657891057716
0.23800766099792015
0.039181868038869916
0.6277788805928579
0.8104364342659605
0.25081636652081474
0.7827061892091506
0.9278421405660795
0.5934547851671538
0.4218721333601938
0.31247856849138056
0.1486837789596609
0.4104024061931669
0.40252947138721995
0.028464961255164067
0.4218326840170046
0.44684750281126107
0.659832889565027
0.739448922583593
0.5829560948020748
0.08312620807105175
0.8958849839522476
0.5657597253357411
0.04093936006355203
0.534946599460218
0.7564129716834758
0.18703238421392043
0.04637948129983238
0.26343282436618976
0.4204732171929413
0.7394875972351251
0.2320601114512849
0.3733198552356306
0.5170572696145671
0.47001776836181863
0.8511963101450809
0.8391454808004642
0.13477736491521397
0.42382335675647376
0.8866433031556442
0.6643062688537863
0.522760870177185
0.8648584156598331
0.3030390008744869
0.4348307138108102
0.0569261022732277
0.4502206391767445
0.6600066679601666
0.8463988202324939
0.651480715553388
0.42872233132926696
0.6767675960730741
0.8651446987175871
0.9094632289607034
0.6572020518860253
0.13242799928285176
0.9975127251466933
0.04845115324669713
0.16681287153042734
0.6962253134720702
0.5841115492220847
0.878983685995218
0.6985867200107918
0.5684558176067924
0.15411939820837584
0.13894816475058624
0.8976128070927856
0.982696815818197
0.072116882879674
0.9627080092575068
0.9564327880539897
0.4285917978315523
0.25736455324936913
0.47339533088972663
0.7143243802698604
0.07749144284398757
0.32741530806549324
0.6034945680392908
0.9222203646990117
0.4534625963873845
0.010186512785654855
0.72777150456398
0.18032244786767782
0.48743395720461036
0.13979032697816718
0.9217069979102329
0.0956414248148102
0.7894664899293127
0.4928766337180608
0.4634914389752113
0.14126929213464245
0.28934424454088015
0.6315496904435423
0.6445560944150693
0.48102612323606264
0.9476375138090076
0.35285958604654666
0.5332989019260328
0.7047309815041393
0.1077111848308634
0.442032903367234
0.9160838765832873
0.2390073003271862
0.15198462656629264
0.32391667679511094
0.44932771831196083
0.815123527318018
0.25427134817888064
0.6666167653112557
0.8608595713676829
0.7213455379156326
0.3453387496153406
0.8395472659995205
0.1513326266743853
0.1797511881429642
0.40735891164028726
0.6466294794360987
0.07394885575629873
0.8908566768514246
0.5769843388996934
0.2021070135791836
0.9242176069644692
0.8826047877732935
0.9405774408860286
0.6428403818658125
0.7434695055406242
0.3880591990770905
0.44038120952543214
0.011681134428007223
0.41047417013783905
0.9034357954495172
0.7756416033006623
0.6740074688806372
0.7459896584311418
0.8444764693683767
0.150887131930858
0.9225937751914494
0.1729856674463609
0.9640340586577626
0.07270065451406738
0.299640712407215
0.13881495747723904
0.08997710450644414
0.009479303356055735
0.764339645867375
0.2992591548923612
0.4487200411394954
0.4147789374836821
0.5990724988743874
0.20574362339625873
0.16176296621825925
0.6725340617201562
0.7361617721701125
0.2290969500113582
0.5214201755496729
0.3293307177674615
0.7163657683919847
0.19418597707761676
0.9017738356565898
0.8942484400965239
0.32321465353837
0.7206940864763233
0.7533350128704026
0.3886044915440713
0.9949597335855981
0.46867598432902713
0.5913280038895746
0.7787241291269051
0.42057667089855233
0.8960191481545023
0.7728794858469599
0.9612610957118606
0.9446856412213669
0.006112681811207277
0.16760863445698382
0.7617003172960867
0.5990173692028
0.29923324646907445
0.12674901700933827
0.459341197174312
0.5143472291595987
0.24173591657364868
0.48752991090950126
0.3336678103009758
0.6492179521495954
0.13959600972822672
0.9602177554590814
0.38962018267304854
0.4382466853226801
0.4689953670265552
0.9326394118604174
0.5188976516790417
0.7348004242814392
0.2524127434181146
0.019311259772610945
0.5711129173055517
0.18523255258642468
0.269990249662584
0.09250267333853368
0.39403445469234766
0.8361234172021854
0.37166007452381444
0.5022850296405844
0.5030716921464419
0.5372611972811288
0.8162864224124838
0.4958510494075047
0.6033952225322667
0.00743526266132033
0.47018109861281177
0.6526538501304607
0.5765694180099075
0.6051332201430171
0.3231673399862427
0.3509706310985773
0.19989653116545603
0.903899465893306
0.9590086489209131
0.7424477877161272
0.9557412467861367
0.741396998748324
0.5420940739689172
0.9954277230614124
0.4923218899887867
0.9162817338993875
0.6477635091288735
0.4315405103716259
0.4265430121383178
0.39154910288602807
0.543043249771361
0.4428915697721342
0.5861050975823706
0.6304805076576312
0.5267861651265509
0.29611251976360364
0.1990042358083043
0.1318790392848379
0.2633973512323542
0.2899158218096043
0.920776290562163
0.618560915583125
0.580052266661265
0.45938699548591133
0.9886203860458029
0.8199893510095246
0.15005096102730264
0.16839500101421834
0.11533133561105191
0.2568460516688671
0.15398194418143674
0.8249968145072547
0.3165442846149542
0.5606565900682288
0.5897749760149353
0.38737198266223616
0.582158814531775
0.07297661532935573
0.9393189422754857
0.8252073882100254
0.9975543348333067
0.40828388545548044
0.5621473358724729
0.1573069217758417
0.6220369025780603
0.6095441952271934
0.015384828950395613
0.8945879990292539
0.5083709491462491
0.9154940842059973
0.4572872522592384
0.6376209122279751
0.7674102953245957
0.21245450195732596
0.4929644959375017
0.14150969177050976
0.2798864930765457
0.31569872266045007
0.5735876798306504
0.4908895320432597
0.6109086653539454
0.8652263059072284
0.7148641154033086
0.5652010958552351
0.9142520316260307
0.2396381775183163
0.9987234490017813
0.30553203446308486
0.527404554199107
0.4340690543372143
0.0031764438254641147
0.8162298740663989
0.610269112300457
0.2258728487253252
0.19703368604803762
0.9394577223632326
0.5082042070875396
0.4655064661483639
0.21955562622053704
0.11645325121597405
0.2545521062350101
0.5350974424669412
0.2406632629983083
0.8756668204830553
0.5014269405574545
0.9534575241898587
0.0716458789216341
0.9164280386966261
0.2991547589358018
0.5324204173403734
0.04164682089915139
0.4400803278251133
0.5700802191035164
0.3988611963151978
0.03692692513018381
0.31039689646767155
0.8803294745194512
0.9498375753524144
0.6811087227133098
0.8087762298216573
0.02233078875932848
0.2168812357386325
0.5736054832265834
0.48823106916839054
0.569517068031728
0.3856896390665021
0.7573060576501994
0.06532454771430873
0.17053806759040535
0.13235656202139412
0.4734414965688355
0.5655413431125468
0.6614206346005849
0.8371592386541581
0.6702926995158472
0.7552356944659318
0.32997484973752267
0.8068751378501009
0.6605832396135969
0.5300589392140667
0.762414291315522
0.9943509527640404
0.39173939505439126
0.85747455891963
0.8790121543014789
0.5205016085926868
0.9761682972942022
0.781847765362533
0.48513349976352327
0.4335323123908188
0.6559357835087234
0.8133584225772061
0.8070919615364167
0.584064089401221
0.2879871492681252
0.8760038326913857
0.1744575132237609
0.00780523169570202
0.3636098835980911
0.27182006785330837
0.03405354143755157
0.5479818521189064
0.8946982706931775
0.6479984433364593
0.7936473313685579
0.2844212698475814
0.8136651521048187
0.7020437591836138
0.642598838254706
0.26536708244044027
0.11973905505123628
0.4364107189945515
0.8198607776135848
0.9584955324757249
0.38799984796547593
0.9928779029495385
0.03674788921829797
0.10097401606110046
0.23218972415598416
0.06607243620710024
0.9495356499236691
0.27951618165059
0.3896808891153838
0.956634912554826
0.941718607991401
0.8837032106051397
0.7877772699315296
0.38438973172046387
0.3051877807340434
0.11833783493693084
0.5638227980209956
0.7216486915124698
0.09373424963023336
0.10865877598754536
0.4081652903196241
0.2582601996042787
0.384556947721825
0.2970832803983293
0.3161949135143314
0.7618668032192611
0.48562777990164685
0.5321300599535188
0.6944552326532316
0.9128192528519359
0.8739168194897133
0.7796472405148025
0.7276401368820627
0.9599627884824374
0.5470835731125085
0.9405629356305901
0.6446186442594831
0.00761910926721765
0.9884156713824066
0.6168889577476472
0.7950420591683709
0.60228822541018
0.5276734139893628
0.4191026973615811
0.8274245439654858
0.991386701869163
0.7828504698304667
0.5477418737381938
0.8503763797559648
0.9333838453232752
0.7760539497945308
0.5774013271845427
0.12555405965694522
0.5508471063130407
0.040427651613681115
0.6882953792008677
0.4937804491565413
0.195109071911164
0.10011268970037812
0.40210770379897387
0.8959349789780697
0.15535290076218866
0.8102588520215702
0.7057633853416148
0.11128394356205307
0.7941744921417367
0.5194470523977324
0.11164529608235196
0.8667095683563046
0.8671454799889499
0.6721682127843076
0.24102491966103168
0.8045137119249882
0.46017115040882284
0.9082351194961733
0.4939887404274944
0.6272652219711414
0.33013813312397655
0.1236676699870648
0.46365254202534223
0.2905224567172674
0.7232183972984757
0.18089964922640167
0.700315153104976
0.8704456293314141
0.22472613140619369
0.6061112222968899
0.09312929475067011
0.7953883367593307
0.8043611418513419
0.5259433607449183
0.34651334686792834
0.35068891315753326
0.5872948727603202
0.9627914742851598
0.3050190168941238
0.5098857161967271
0.03287556154648441
0.1913603771428174
0.3653641314318785
0.6460185798454372
0.2630693423986199
0.5758562003382234
0.3947663319104876
0.40741311204310104
0.9441439439593907
0.7653947264717752
0.09370681080314336
0.47742131762309414
0.10529850937288288
0.47813006878871556
0.9649994492350104
0.697098163491069
0.27004966126165353
0.515979122950831
0.5092803979988165
0.021587685302476234
0.8736901972289491
0.5955284593619614
0.8867669590358731
0.9561250175236536
0.4747117834082296
0.3562648085396096
0.29394466834764854
0.7945172241821209
0.6687595000886793
0.8332020515674173
0.25478607123854513
0.46790538749992283
0.5097167196745049
0.9082663060569243
0.19576856627524908
0.052894858297716785
0.3915936183686187
0.7886891305815495
0.5081339104022147
0.35605296492307326
0.6793075029645108
0.8673616815862326
0.7543376089001449
0.020793949174195303
0.6692204461208572
0.05344001824712408
0.2802758633248996
0.5909068873752865
0.2991906422161077
0.0968399728435545
0.07268131374191045
0.463940668226103
0.803124416353183
0.27222856565211384
0.3033174849457029
0.3652253013312843
0.05958835205600099
0.9295836033239625
0.8643440809516525
0.21901852208400485
0.6709646895262406
0.13763748908347218
0.5370850160623051
0.4716637578411378
0.6539515009214407
0.7723431063194827
0.49049343159831005
0.7241583646192272
0.7419574771208926
0.15980836264825393
0.13428936349063436
0.40246778006224293
0.2190823680010744
0.15802114127126177
0.013473659852073605
0.28223960272668136
0.39156428910047736
0.13731473033362496
0.7139661100562809
0.9230647956636423
0.6553944885476882
0.4631896722014941
0.4278500648317779
0.7641081973921906
0.20487889794578462
0.42866011349344224
0.30696448868399717
0.09127648346993178
0.8483356660178577
0.3496667149194228
0.3523020815150796
0.7498026575205032
0.026226816623831528
0.8726267347743757
0.8786198616326814
0.8081217419164484
0.7679518960818331
0.014905169050591582
0.4178821416233839
0.24071329723957102
0.21883685976377154
0.054252209199264434
0.5015864618929284
0.46315701497757267
0.18467125831530806
0.6343736688073311
0.025115512074510904
0.6301238499026388
0.7587738510712251
0.5998448095786645
0.2540855077276948
0.6591963212866462
0.11660387862318622
0.7396022617318608
0.12459706257723946
0.9982601151063997
0.924843472907408
0.899278068876791
0.668127039930032
0.45774707118162394
0.5644374717716257
0.19715499420860105
0.6597768101706496
0.10485035226902617
0.11794378952426943
0.45402861717529885
0.5626379474447711
0.599086813063868
0.6255559148107318
0.6582106244200313
0.25744173403216886
0.1180582030994809
0.6019874982238302
0.12711729291993934
0.6168962008930575
0.8936730988010958
0.5255116753021489
0.5157468148830078
0.5758631764575363
0.8543741706367004
0.9918254820228205
0.651415273019018
0.96706850704182
0.5565557788456762
0.642844800461785
0.34003952433393536
0.4801556854594783
0.6407225263579709
0.43395857266404336
0.7229819333915687
0.2886484675827524
0.3499264786196974
0.38332373496351013
0.6437337737856371
0.07001853454397033
0.43699463452245724
0.8929808197074262
0.20177713028597666
0.5492700153678414
0.47526449536815785
0.27181514223315895
0.7399806043696162
0.3966533360863802
0.3093660448795359
0.635447592561628
0.6883375859051593
0.14053872826216696
0.34636467327591625
0.33031364873525493
0.6238709794059752
0.2529773970432485
0.8499825040963193
0.9961226680236661
0.11043024416354552
0.36709234403845525
0.11049385949560575
0.2862472851058424
0.9024102157715723
0.3937595749500913
0.32756519688167685
0.33305281164132094
0.5622187796915866
0.5173643312918155
0.930020915547489
0.42289345022441793
0.5012671901874951
0.7472075429720931
0.4005691744479716
0.09014053505302244
0.13962945488387313
0.4109372834054641
0.6783935373647201
0.23086762029632668
0.3722418094132922
0.3606299631080976
0.8536767426531732
0.16078481567137404
0.9887911279866054
0.775689343897439
0.7394644088660434
0.8649243742858396
0.30202758382893
0.5489403805456813
0.9021765697382464
0.4197441881227876
0.899130214048954
0.75070376118191
0.664216495320617
0.7924147149050557
0.5651498880445138
0.7549709692982146
0.9586186445379001
0.7799704003898426
0.32869214355652543
0.09028230959883521
0.5871196357719028
0.565777948773217
0.5879161059525694
0.21476965781338087
0.8159395040419938
0.5416667595762399
0.5743122893062571
0.2869778080645695
0.021204872598310276
0.14705576557944222
0.0058980982014048555
0.7641187317991534
0.7971740330424897
0.4297937316979862
0.46027160853610805
0.5104222830210988
0.3927249993090598
0.8821264053832004
0.2273307754253554
0.9773331270447387
0.14716610258913587
0.524955117361095
0.38335258770871883
0.32202448853399634
0.29138942865775497
0.7538916276075031
0.6994727960958071
0.12956854415344754
0.15739774555272956
0.5431628664385074
0.6535909907327069
0.9947788958772796
0.3253321761910918
0.9165045018015904
0.4758319769087894
0.18550056389770675
0.9385533449192278
0.70861778444713
0.27473347118299385
0.904788295027401
0.5834613821126934
0.058156871339053895
0.8978925905045758
0.524872559684215
0.36155126121664205
0.870640703893894
0.5851289192588233
0.05479209500771032
0.74210109239739
0.8918609623009502
0.7571165602564903
0.21437756852254064
0.6726091245019592
0.6014793433230302
0.4749276099416553
0.8211312920146162
0.19332761805228849
0.6323184699086423
0.25241296980733086
0.619283299493414
0.49379734110784135
0.6059504880692945
0.3761730299861826
0.3076447728054734
0.7839041005578284
0.4252115977947519
0.3841364864821156
0.5352650395372375
0.7380559459911233
0.8543193899986189
0.45910222080841145
0.04952712731358866
0.7005572063581341
0.20166510905694368
0.8028627180215802
0.76020725163273
0.8246874299370568
0.27471568660441925
0.5058828692535069
0.22836476088725255
0.48073558966451335
0.2882446755038398
0.6950510743639161
0.1397953141976569
0.7641562446169785
0.7973802808124569
0.6583535286366032
0.13235071253767505
0.1524551962650994
0.5334074276617996
0.9613493029493383
0.9301336543687855
0.256964665069621
0.5868224939934998
0.5796479113586267
0.14999761491462815
0.8824038140093069
0.21279498656301343
0.8907510916588178
0.07178829144381227
0.4703756197337172
0.9906900580413218
0.3788050046978654
0.016573474064990323
0.5688421894606557
0.42096505667117123
0.8329751990902179
0.6599454933795567
0.0019349726315801563
0.8160651190777433
0.46519368522777904
0.5290405082178842
0.24103530627080783
0.659681340134286
0.6658575408032963
0.8916011156106695
6.344897188470533e-05
0.11439324197485035
0.1605451311596855
0.4923553454786601
0.9633892732971442
0.008576567813534997
