0.29871261874131905
0.3377167724601199
0.9396217537122777
0.872130477594097
0.0004517333024023351
0.16406468266362917
0.18325248409246064
0.6377437101859248
0.7222557414789885
0.32184733711400804
0.6411744786403174
0.5004219930779257
0.549039593530095
0.3310012831268998
0.7542699636651768
0.3863039953801036
0.6079054906085254
0.7937061973405498
0.18095901294668415
0.10367870801860823
0.5303805618844853
0.2790914131422617
0.07320068183425055
0.11687392824453158
0.5877489639826553
0.15899807944612843
0.21057278877019592
0.218331725689079
0.15766126524165336
0.49223896024397906
0.8453504906468757
0.08273597851200154
0.2678890911181643
0.22079930543328252
0.7658114155122164
0.08120682405304014
0.41276430786912033
0.4809695971978377
0.10550430202558359
0.632521337034196
0.3381302943058987
0.981857954017013
0.4638926565199626
0.657606517264123
0.36665180311247947
0.7515593978307329
0.9297730525898551
0.8966104710319774
0.8330507738817119
0.8688397364411856
0.4626800036428397
0.035866144573935776
0.7848582904429945
0.20481616793715907
0.22828321647244576
0.21554257297127766
0.6828165310701094
0.07137744476229146
0.7223902897990025
0.4970974914277593
0.37479556410614034
0.06169183378971732
0.17976951869604152
0.9584734883614906
0.45990473036888946
0.13688245532377763
0.2881202592805413
0.7120419837893907
0.69718888842003
0.5177279171235711
0.3986040099573257
0.2472246218747789
0.18440416924902914
0.2266082194361826
0.5028542530957932
0.004712652975492393
0.3234366093729758
0.0692449729284681
0.26133683744770453
0.380533525167543
0.9767141680090893
0.9182815386949518
0.5344248929159523
0.09888533860918014
0.7979180491395466
0.7831825007209062
0.28359114748287795
0.8453500626457926
0.29139262887876427
0.02407858602829771
0.7950583551685366
0.7866672333384368
0.6337776353487293
0.5509179539650224
0.375279610489631
0.9015277244465383
0.41473736945225526
0.2797050388486121
0.04511628565989634
0.6617440441108995
0.5935821492650648
0.6439091389907465
0.09130328995831616
0.5131439839898814
0.8160297458312756
0.892723916371256
0.40586420738158047
0.2891856778322013
0.3597816716042809
0.19582922523714552
0.03572977472196637
0.08050122328996534
0.3646197212238199
0.2940767699507312
0.10027143888698797
0.16720331624616613
0.2931047114761359
0.4882269328613582
0.9246601344528718
0.43086892396676046
0.8793837839703113
0.17766183715383033
0.5789434504878277
0.6913111514074584
0.691793193187171
0.2839353178005888
0.6383258476897309
0.5434989852777888
0.7727245198026597
0.9491336394910075
0.18021250314298798
0.7512957324775281
0.6970041875586427
0.7817919260835019
0.21377750072972912
0.31689142347285626
0.0465773783115907
0.511879174539458
0.29522695663970033
0.25829793526576117
0.2633496224827466
0.3512336549924411
0.8637933376861077
0.8257343166058497
0.06728198889446602
0.6197035386502961
0.5401030997854912
0.059717815928345575
0.6648363904342347
0.030561594489590505
0.4296064736225691
0.005765751856972368
0.5666016021370132
0.6864144178986359
0.11913898363072006
0.9042476932730884
0.5017279623246451
0.0019477633020772434
0.11161759036368546
0.3607650289415423
0.21185875099851958
0.14615806829689304
0.029900610565165686
0.903938059455642
0.31394031584851956
0.30988504015579454
0.7796363042475337
0.03745896567264029
0.6465674324116086
0.6301436224699142
0.8721285429315861
0.4237602168276736
0.05694822825578427
0.10687241361158151
0.6148294091357377
0.8325649637807349
0.22324302110114114
0.48252325337991064
0.44455696194681626
0.2998421112368197
0.7760393986561285
0.8659591386578906
0.266483216597429
0.42377398774069797
0.831896267869133
0.2175368127389513
0.8614677871004442
0.7044089374406654
0.46295488461716905
0.4224916902070861
0.1408878823280425
0.1680982503222036
0.9160588295710309
0.970606789118815
0.5951070824706994
0.3973988148671723
0.8328411158142589
0.1545501722764755
0.7434137187085275
0.38493284210228396
0.5741934185177858
0.015506531458977069
0.07182685618994289
0.3008666221087333
0.5425470568258646
0.8122237552086065
0.6811031262071316
0.3549996902951661
0.1933302564903534
0.6090883101488593
0.39170496425589885
0.8858112432477847
0.5802213594231115
0.05554516938714171
0.45149269238368117
0.2543053683615736
0.36205976394165107
0.26649009155351455
0.23621900544914298
0.17333902350595742
0.40858699978625745
0.12218142705645696
0.1097058523601272
0.9277955500283921
0.05557975636493451
0.024466763195757246
0.08822900916278165
0.8182661295785882
0.9304648437806694
0.45758599494159313
0.7416231277176965
0.3914177160344431
0.5319637372281169
0.470823477137999
0.09752921857984531
0.3843974313999875
0.25301230978475
0.18124603832967312
0.5807899386905423
0.059685035458392544
0.6557094589550861
0.9990577512603362
0.03250099542083673
0.4080506086311897
0.6879011484133548
0.22325823493057917
0.023001566274167162
0.04822251855955195
0.7648348609614055
0.6944891121869489
0.06492446119039019
0.9586199159429771
0.7981383412079944
0.8985018071755877
0.3169071617211273
0.7839465731189263
0.1673772999852502
0.9764126094444083
0.9413505429679585
0.15121146998476476
0.9282430177629991
0.3926577296610342
0.48926887137115027
0.5471389727147585
0.6098185778708997
0.38907545787603715
0.9487415380563092
0.17318678433560697
0.4366839139944235
0.9373885280806985
0.503027763061865
0.09544241576205026
0.8612028681497491
0.5447211756999615
0.097228465690955
0.4059901636412806
0.8264870130783897
0.003024058970105603
0.05010017993961524
0.523172452428581
0.46957256962097127
0.5153218415233368
0.5496124488513658
0.8116202338764464
0.6487383151803567
0.9732364800884383
0.9258730305667251
0.43810894975275705
0.777490949335184
0.22003503449065942
0.41131641032755817
0.7033099741812725
0.3428694924818322
0.0826478361588443
0.34241691573290467
0.8031245091090737
0.027101980332877806
0.7696959212659451
0.06482429421492142
0.044472278762434425
0.9040790965324721
0.8865061315999249
0.37463236595903615
0.3982935783073511
0.9076445477107319
0.8990628355013137
0.523643871622343
0.3477924653646005
0.6532887672452492
0.7006897253950305
0.014695952537220336
0.30226739340898523
0.9138300787655491
0.5698508246483026
0.22351863225296686
0.801103936755205
0.1652800967599134
0.17540921927819142
0.8625056048863461
0.8036538020383014
0.7377990782639262
0.77457899514612
0.5339043244141074
0.3945419686869188
0.598475173703753
0.8408509821092282
0.8379131994068799
0.8366464234126763
0.5435295408088903
0.24157200341836182
0.8204693620931692
0.05300902775849914
0.969004685162658
0.8158845281087735
0.6183003182519594
0.8862864273606933
0.06291227153468726
0.7552014046037372
0.8559303907916813
0.13365862454387556
0.9039929517320596
0.09771616034460417
0.9037068900629103
0.9200349559918076
0.7792891103455009
0.9631320031781941
0.10108743742178627
0.35306853793558335
0.7310958314951009
0.7114523887929238
0.04105464302847339
0.6654531627510946
0.34537586077179094
0.22292118592001398
0.46057777483562345
0.650470403644277
0.42265705641661055
0.8517407248613637
0.039788525123592655
0.34490352997141915
0.4141004003507128
0.9424627695580752
0.8556248377932828
0.16507793166934648
0.37283300294468646
0.16562142494701693
0.21292334307676597
0.6061777668110324
0.4118439615022347
0.8219763662023271
0.07661518450632032
0.4386139441132305
0.7523831396089837
0.5912206930896977
0.23477843969691659
0.49751329518258813
0.7374115874472502
0.7912275628803369
0.7822814766344582
0.6198271954914344
0.2967932953878023
0.2011748384384462
0.533791596238302
0.380585078225779
0.24410905568175423
0.8276271812858993
0.05816117511269081
0.891293486388933
0.8704369190461789
0.19846445128106915
0.7874487544203191
0.5460850268789622
0.15314122872869118
0.1340728468397122
0.6546575762411617
0.42635616521257325
0.6966716161385574
0.9021844651503386
0.1802932505024325
0.9841545556854762
0.3153859231820253
0.6024944253797965
0.21883164861290982
0.31600658049131336
0.6397380921357876
0.1680308325163934
0.6330698047324756
0.8484269750136406
0.4835693920516426
0.6445404132113931
0.8722040512524007
0.2871555231857844
0.32669141522497935
0.46836537985057347
0.011231699433109976
0.08188135233197091
0.5303718486969031
0.07688430649088362
0.009344587136731919
0.47302795682611154
0.005887205719916189
0.7483677589418629
0.29116266123626666
0.6240087439726019
0.6486310683762246
0.8303946031992219
0.4477856097544821
0.7386940997006004
0.1579630818908616
0.0883288723422535
0.047281429037270395
0.10866125887684075
0.5873552502410053
0.5491842776495607
0.10778795194721913
0.41200898937236174
0.057010523056611695
0.4412297603072235
0.903516523915177
0.014789431068571779
0.38870609378335574
0.5586772173782393
0.7082277552809878
0.07569996504328191
0.9203479393154621
0.2369563506047614
0.7218155160317479
0.698888097792494
0.7184360649520836
0.2927875482084831
0.7761231188650368
0.6171191148800151
0.07187812091915746
0.42723171032562435
0.8617239592770496
0.8948245349772779
0.5926033742152393
0.7222686526184047
0.5213821121519996
0.894160275669472
0.968400693498842
0.3426556469087413
0.3057966188182294
0.09518434112855978
0.8242198752626797
0.8736990493521195
0.3551326812983838
0.06652430125862008
0.9360271132909448
0.6447665871913554
0.16422002851382866
0.5772941373092946
0.1722782877708363
0.06397862588692826
0.8198939339584558
0.34493137376284
0.5474565486071805
0.027803457689325795
0.34069085768067797
0.6460055408246715
0.41128265795551644
0.6864610004597419
0.9247780481392441
0.654151914672154
0.3215545629822727
0.07341371586579004
0.893403291553544
0.17901398060367502
0.21218905742382554
0.3666213938159969
0.12082483238290931
0.47245495374185587
0.5640826653648714
0.4123567358823409
0.6837898091340723
0.5139554778446466
0.2370509702892205
0.7604404253351723
0.0923770919200898
0.7031447157528564
0.4399222945400366
0.10497296550877744
0.38620907471674937
0.01458391312785512
0.9168471536580007
0.19467067974572916
0.15596252981385306
0.7555291989488324
0.19089521133846488
0.8550685774519848
0.8137474931194919
0.29229000111011694
0.658511578692421
0.7028527727237256
0.25102905459158487
0.19530930357892706
0.7995433853973551
0.7236345727861816
0.9056780645794873
0.9433376786153631
0.7908936451784664
0.43394185081671666
0.3359634240204129
0.2034016380966368
0.7836998114710112
0.9698451460746208
0.8832955068488648
0.18633481709986732
0.9770874444554543
0.49177361342504444
0.17342425946809925
0.6751264460369556
0.3061124994858633
0.9411552789630936
0.185165683885801
0.3566309133772624
0.4295617445371678
0.8781915677165606
0.30522009895263713
0.9742904857511887
0.7104328954257064
0.4814340142133974
0.26969312071052354
0.5086459985138572
0.9145009975384647
0.5151138986452668
0.8568369371939187
0.6529428943213706
0.18356678215200006
0.7241130390083428
0.6369581200530181
0.5225165470159736
0.8901165863053179
0.26219934724406135
0.21281558879822737
0.30120177425462
0.39283487701572906
0.9236890564698201
0.5008651154196013
0.4780889402883697
0.4729688690479209
0.4811299382331019
0.005342057602768402
0.7023928864263386
0.5783114375117451
0.3505829618919264
0.13767184636066598
0.4681816390003668
0.00349130550495913
0.9302249851915273
0.7994300861072936
0.5731402258837615
0.7960211164414569
0.980622941238805
0.8882048726115354
0.822839868008568
0.9352792300883195
0.6834264556687221
0.9166127883327325
0.613899203324761
0.38993052987998433
0.7268858494842099
0.10162846484423671
0.6070689240844772
0.8444650146207137
0.0019172227526146335
0.7476260214744074
0.8521596456238978
0.5077927174620481
0.07295906652716355
0.8952939409813929
0.4156371728925622
0.5037972822260597
0.5310026722489506
0.10654392473474628
0.5135346421595886
0.3172828409396333
0.06038992682153366
0.35916117598869357
0.5641623012302135
0.0150206759044903
0.11467239389126804
0.5314063077918163
0.4799612183220111
0.4096097883456682
0.7466300251941519
0.4550189843426885
0.49152574710560226
0.07827083035519
0.7508722020563644
0.6814714637614313
0.24459536925911496
0.5673551702485189
0.4350446717278512
0.05522709140529003
0.17298718935626411
0.4803975614107361
0.18663902302684
0.8453239771614333
0.7281444782277774
0.06319709047415023
0.15644176040536328
0.323543810819206
0.006125276616642639
0.8968269922858397
0.053592264286893676
0.7395200505797285
0.4417243190490763
0.08293869835320877
0.5699776227965154
0.7675692717394688
0.07550256115282283
0.45489743322856513
0.07129108828861253
0.051605349450888016
0.20749823022685443
0.7253754926984572
0.4694148017194406
0.8228242513006202
0.8646487162025058
0.41843868821328456
0.8727638772319357
0.6061206194616755
0.6610716584021911
0.32294523764458427
0.24987745887656587
0.15599133934685339
0.8247771934563177
0.5720798349432213
0.39566233851675525
0.813436989156905
0.8033485283153906
0.7598258778311209
0.002477873027547539
0.774129363862441
0.6688824711784375
0.7922903921013977
0.9375590222114842
0.2346651107504375
0.2929066474975759
0.2810218370206107
0.06706918720890309
0.3624809103602552
0.8104842897407332
0.381427605664838
0.47857768575374104
0.37972035138948856
0.3345184857841804
0.20044850975087336
0.28125678667529463
0.08670166483992259
0.7697572948570763
0.23705867642590606
0.42317722636055577
0.8554570595040429
0.5316874358279344
0.6264322892481943
0.4478816812001406
0.9050482023618152
0.3468707042838516
0.8199931417041293
0.5247197487500418
0.275619485391143
0.7171351527997872
0.664177225158883
0.6633578540032173
0.019434563337298982
0.515523566581363
0.45374237934801886
0.48739869126085733
0.37622209130509277
0.8731489567874429
0.897834819726186
0.3390329160698703
0.2419036099644024
0.8435540259806762
0.8478166785234997
0.09735949038946512
0.5394927792397903
0.8544457191247501
0.14460983944880856
0.17820868959098368
0.3420342232102973
0.5250352102747482
0.6815505372385188
0.07161345612291092
0.6708399114016844
0.6579202522273181
0.24297637985568554
0.07816134500362348
0.8930444325742194
0.6212005467612195
0.6727198036047487
0.8477499359111642
0.07053400473387395
0.7070868927176084
0.4025515599436085
0.8283463182210223
0.7529004254968619
0.031197985226341096
0.022095792078068333
0.8444090879728722
0.9075245161712542
0.46475801117310067
0.9273518647718832
0.14749725336398056
0.7234052942483129
0.6617138297335126
0.5852828386916152
0.7328469761255881
0.5672894620675482
0.09250572216021868
0.06648710269484193
0.0786606219204854
0.9281339107446809
0.8138433062691428
0.1779114751484745
0.8681832796600979
0.8677003290935267
0.5913585407202983
0.9141539181199775
0.37264380172467704
0.3056384198110984
0.9363321138855457
0.023539721500166255
0.8310457337754187
0.4950566895305425
0.8443618319843151
0.23521260098724905
0.7016000037759406
0.42196826946516786
0.592075774112991
0.21309255793998683
0.7942043309868381
0.28368520404204023
0.3582978703477212
0.496144059107986
0.6034695853979001
0.4482664042609661
0.08273943058867461
0.7229264885932916
0.4524947076133946
0.5396458428855719
0.6378112809579791
0.6347447088693492
0.0925418919393477
0.8721063457349653
0.5381005254986668
0.22692384613651062
0.7356065817802714
0.46386521835884875
0.6404883775383697
0.8148143313801748
0.3256588294738465
0.7824776564625986
0.9207217322115704
0.8555075687210856
0.26320587373282445
0.5872081527297801
0.5892216795190247
0.7214228682926279
0.2777204141418106
0.32034488919922655
0.8405592476960323
0.7359973164225477
0.5736864231223724
0.9664251521147684
0.4040488335039608
0.18383682263400758
0.21851428188568378
0.8644896271769849
0.19959046411685133
0.8482964442956877
0.11533521480193631
0.181952706171854
0.25507814611085244
0.8669222551600553
0.33493115707611576
0.7251609539765377
0.27308170644714236
0.39258625745257025
0.47482006291672263
0.9173566298847783
0.5648542990930864
0.2661458761676183
0.050488177600852335
0.6189947778263232
0.42746552472500066
0.5134724971522545
0.111866821628821
0.873410840492255
0.30014323560293443
0.7087264762824089
0.005467082867892881
0.08404301622299415
0.24746132238324559
0.6796933162908845
0.903621878662683
0.11470864078983467
0.6788299874960536
0.1764774311189643
0.2051761724723169
0.763388393329898
0.2877919865178854
0.8596733820935506
0.19547142707459297
0.34744210746030035
0.8973328825574737
0.4368400943091225
0.7323472938813591
0.22262003277076758
0.6253294657527302
0.8018668451038082
0.44792790369748836
0.6956893376983738
0.1249209262665224
0.033371771184210086
0.04802507699995795
0.840964216180227
0.10354868217981628
0.8971942715183159
0.7313692661653607
0.6968148449958834
0.7877409308601259
0.13565535177359234
0.081977648834065
0.10914030489384963
0.8184943296388737
0.9016214459127325
0.15675848589749564
0.413754431910175
0.9508827147630455
0.5407503719852718
0.9461170894155944
0.05451455724862231
0.08383305044387468
0.6235452048425382
0.12323722867355669
0.8026839317876804
0.36347433340724455
0.6661731941689507
0.34564158356356356
0.5029237071763166
0.1981793524667621
0.5035915435508471
0.3049396040398159
0.7812239759560737
0.8943088650358897
0.924597061489129
0.4220244178137317
0.30303281321408193
0.6702947299327693
0.9067737964490029
0.26093503462735423
0.8615702647838382
0.3935169044503065
0.17202627354609723
0.16127238243647557
0.9597937252042358
0.9360804209147812
0.5686927253227065
0.43627475537731586
0.04802513918383278
0.17696239663086977
0.5857594150205672
0.7126629157240294
0.2835804814319002
0.7006096042664032
0.6318059673929951
0.8622754321197638
0.3142420425748127
0.41555931705744065
0.31544445245634156
0.4121754121877935
0.4450592218193966
0.22170251707825495
0.20789782903177145
0.3186552284231119
0.5214063402054634
0.3212337488113053
0.380386649624465
0.7904235564356874
0.2464243538491736
0.21485198053790455
0.6062569445309866
0.06025007704525176
0.6980421555537587
0.14785423644776674
0.06348628935003431
0.43032772683767817
0.5050711333540825
0.29545746214504753
0.9746600132177853
0.051107497197752094
0.3297723580685398
0.6540504804804257
0.8566030902654745
0.51637419155847
0.9151547137023047
0.9924062609691393
0.4333981616922825
0.7276961796136873
0.31618796435922214
0.8456601882356864
0.2681978130817765
0.03694802497138194
0.6977020589982713
0.6098688397155695
0.3431766620553037
0.6451428480081527
0.06936914753756918
0.8963162043931879
0.6620092830691013
0.8149793771008685
0.28711739931187197
0.2582104042640173
0.7259587773091877
0.7589445768843741
0.39876352881995125
0.5785207513010809
0.9144794770153617
0.7673066241970188
0.0695425824246877
0.5741270690942932
0.6845119454415933
0.22581966685897503
0.2594631654693883
0.982818640493885
0.8072732980284338
0.34607140887993115
0.9888157386677654
0.5165764737570399
0.20293062322378053
0.02647707137056765
0.5019172825519943
0.08020934252737155
0.4135602761184576
0.9185723563491001
0.8852152393654553
0.24438651411577617
0.19190076543605739
0.7343283936135366
0.28954610325405905
0.5409424460697395
0.09439568828536549
0.2997817828053021
0.37230243815485675
0.3284661696551706
0.1136923212698231
0.5269279762063711
0.7590180813393299
0.9525154603516759
0.3125796264222357
0.3469640415172669
0.6234362665834129
0.5119008731252956
0.1770583038243575
0.9368279622475706
0.7835517332614126
0.549020170684943
0.7298171714733016
0.7730373423950317
0.23135033018329032
0.08028158184036172
0.9977627232003492
0.8548570999590307
0.6656134266183911
0.42072940825613914
0.7372179231235616
0.7593480180724648
0.4881625214036829
0.31986089082393
0.04933244611352994
0.6856469711989942
0.44106387990932217
0.026869994529378882
0.12758399189128145
0.4851577984519898
0.5593265935954455
0.361122741885494
0.18137912770587572
0.5754248345580546
0.40093487793227056
0.6232065912072272
0.05876454133445286
0.1551714946302417
0.7790023279696142
0.670407975766985
0.22218181542343918
0.801228107810387
0.2673483364145429
0.5968849630746655
0.9675083375630292
0.6875189632542792
0.20822793473012535
0.9139990073592968
0.9745256517714863
0.7976510138479008
0.6000176470262483
0.8248844988615777
0.3341133084955902
0.4834803183380396
0.12308477750192048
0.23851000514845355
0.6956781999918652
0.45431982247871106
0.5394881481855336
0.8378655487883276
0.25948362261325864
0.6861648900618458
0.8832272531386299
0.333448562617234
0.011831783775354321
0.5589869610229486
0.44530427487612967
0.707373621656491
0.10476200105166111
0.3877168669280272
0.6615877203112294
0.5177308276418688
0.6421292367443107
0.8160766568780813
0.11492476407165941
0.7375109789074272
0.7478946201515521
0.6673855935647794
0.04464535975097772
0.06407452798628377
0.41582646491893205
0.7481221544715677
0.45707904548164724
0.71092779676505
0.017148166039306578
0.8349874236835797
0.2467488914659256
0.5584606748420486
0.3175766844519471
0.9463496448522616
0.5908975844763998
0.8654015675997633
0.40213698283652943
0.9487839341540043
0.6043837976585473
0.9615353969468684
0.8392904584582824
0.5262362279815881
0.8278979320127449
0.9181631630206815
0.03714342802497694
0.5086216118131873
0.7264362273416051
0.369957153140576
0.28481161275565403
0.8074633869588669
0.6269868230558231
0.996159216269865
0.7500757184970159
0.269495738200352
0.5611689420431788
0.7212665421109019
0.6450424727659406
0.29927707363690836
0.41748033768885917
0.4931083493920838
0.3476662272644011
0.655784967225237
0.6709069140767976
0.7734002634033891
0.5625791814526596
0.8308597792305773
0.5681215296021288
0.48002775210066295
0.8212456706266051
0.4493941045186819
0.6477897464765192
0.9326807897361078
0.39286666014314975
0.9479184029908564
0.8109877956904263
0.03531934220508426
0.4217674846834466
0.76104728547374
0.878533433128344
0.44678625162373176
0.6113086402690597
0.6337902951748794
0.30457743149205685
0.1502864329041701
0.6374640126353477
0.9369818360582712
0.133931391328442
0.910633477639729
0.8758494917537663
0.9162984265154733
0.9572304835718265
0.4437576639565901
0.30736488383420635
0.4008995101357685
0.35898531141977463
0.940422307769357
0.43330567260742614
0.5269975029932169
0.2008500521433637
0.3935657127906842
0.583845754246753
0.33455865458252854
0.5376093122509328
0.4466175115967762
0.6598633436597261
0.7626843118084362
0.8441160065468799
0.011488721786332756
0.5944227266326388
0.16067103178337594
0.8325099940316213
0.019900952689920093
0.9949957067941391
0.9179612973247788
0.8006637016623381
0.5051486591928425
0.6730887134649458
0.5721957586351392
0.38704042114066595
0.6630942139063941
0.04518294689907543
0.2658768445863974
0.6684548915483882
0.16303364823052857
0.8729345794315342
0.9158015623617707
0.9703950015352434
0.10123557424891616
