0.5831890971906765
0.04716771223045302
0.784170115713271
0.7771109447960354
0.9290359324215605
0.6547457105941283
0.05870080585385862
0.7150257850400242
0.13535115499022254
0.4083188154155575
0.34158390777277226
0.7430498615290531
0.6336207867427991
0.6274001839357789
0.7310093785641825
0.04463193202486815
0.5204126805306931
0.49165434332758706
0.02881310945144333
0.5864293864674216
0.10475860119664093
0.2000415569338393
0.6867580740694582
0.43367324125723994
0.9202561295166206
0.10070977673811998
0.1388214845550121
0.912379133898742
0.6342618050541889
0.03520545886249937
0.12391809392411568
0.3073708368201131
0.013447156303298735
0.44641678995059064
0.4283607014340516
0.2803509687820711
0.629438340684404
0.6637754137043682
0.718889519041102
0.5524500115718152
0.03979146949535883
0.6084397063935397
0.04177428844876285
0.37153039134584387
0.8301822220962574
0.5688089020345769
0.22315405403037836
0.250222620828757
0.7368136198516533
0.29322523867717865
0.35010762584757493
0.5565422850847767
0.9290294870221915
0.5919601468528563
0.30666353448570516
0.15744349433569726
0.4530685979695672
0.018586826737413076
0.03211729326283197
0.920337977723643
0.49580066202253015
0.2821178008599424
0.031999183681963195
0.06263331931477734
0.9495029223242029
0.5837522005883253
0.13631724319451588
0.9118209466515802
0.6960107181871286
0.47402489895372435
0.008342746056322126
0.7178380695956919
0.24410221956622935
0.7689395910700177
0.3708431080123964
0.507912053501679
0.2747352804443358
0.13282658675357162
0.8626931716541255
0.25400248231874356
0.5245350507471814
0.46006719395913764
0.7234556026257993
0.6903062194296342
0.5615003162634438
0.7148220466581485
0.6326396626978917
0.386510567712246
0.7917993232891921
0.2769227656508786
0.4005841085946077
0.46245579488271216
0.7620449673252714
0.44605913156430477
0.02610617271602944
0.9948695613295004
0.03175804604088717
0.7945156946442381
0.62115618143815
0.04646998012343562
0.7735042258384471
0.5714744781169666
0.23639523389065786
0.188823836183869
0.49106150697505824
0.5283078314409446
0.47618299621436755
0.769458191161096
0.7753891555567239
0.9943612203401561
0.3255339786355581
0.39042507680545935
0.9531361858260174
0.6939936182290035
0.3261500683261801
0.9492064642795792
0.40806186108869524
0.670201710098542
0.41540928440267366
0.7737151546003906
0.9466394588424086
0.8129112570008589
0.5222538993234387
0.1614283571395354
0.7452797882070821
0.3295748631144644
0.31782683766175013
0.08437848216532173
0.08434427797440314
0.2999090742038396
0.6382207390467336
0.07371062544733331
0.7782916956559859
0.13588913473750552
0.8716519581763533
0.855174275954681
0.7841614688883335
0.0855857016222139
0.9462072362334271
0.6214853284411843
0.9578560003089581
0.9789765570265371
0.6115876917251889
0.28757099806999675
0.04111439799165861
0.4960804932815235
0.20372504816176196
0.5437909165253422
0.7873697292385086
0.8216651942324067
0.8717334799024414
0.19379325792102997
0.27480488455925955
0.7929049112513843
0.8495791324412424
0.6554450267831029
0.03863321269607556
0.8143528827609404
0.2980378409128267
0.08724738541470933
0.4948750075756547
0.5310511375873097
0.07207928626388482
0.7366893764638874
0.2138299524044842
0.48953516215432036
0.9011709688577239
0.39978201783059075
0.9952335778251894
0.049177132984734695
0.804956860968852
0.08839451028075429
0.6544054282834671
0.9353084117345464
0.0880654901594905
0.4329767956550761
0.4177012380582046
0.05149052729714254
0.34823992757672706
0.4385195324837252
0.8763417111196024
0.45380528079397264
0.7126641780969071
0.8175396698270735
0.02951436360770643
0.855074677269176
0.600010304455351
0.6910151322357558
0.12169235639621434
0.17884253732526612
0.6548102028732402
0.3500846100687345
0.38494917564614095
0.4819737086110396
0.4083257375996996
0.4670911593658017
0.1976713787674299
0.469495314764241
0.0015774459736170865
0.4172536971284314
0.8942941351765661
0.3969647613864188
0.31458112115255843
0.9330328277082197
0.3138897856382954
0.019266191206835925
0.890760558876966
0.420273899071571
0.8729898293252252
0.5137541859763538
0.14702360361780553
0.887282829617766
0.5097247884799986
0.8595433057741525
0.8102870609215385
0.07586235964110122
0.03094731059227407
0.6684245848676429
0.12847449297420632
0.6346247294644259
0.8724230959284348
0.2012144822537114
0.5788152064648702
0.44404894266611905
0.4568027512410049
0.16091297115802294
0.7211053974628734
0.03584305385255315
0.6674040224104715
0.03415085141941998
0.11338420674501881
0.07125222937865205
0.5663031974982106
0.35247932299288776
0.7984886470537882
0.9779313411069944
0.6432410899658386
0.9381892615207751
0.34356823495416
0.40259617433881933
0.9094404127015566
0.3913410350100587
0.7224208687216326
0.6265739959450778
0.49764339370443333
0.09575809878819819
0.023391077863314513
0.8355578823685216
0.6562558881681536
0.5601024888373426
0.2901896074056961
0.22009368796733275
0.9793226341399996
0.18600612023075125
0.6597618273261525
0.6563420532700193
0.7533891968666756
0.22231943043694813
0.8489281137936547
0.13596042242929118
0.9538672342865225
0.5905102357004754
0.021067585026818936
0.22881754153666323
0.8514834837532036
0.3407880305506412
0.6611392457481327
0.16864549704477272
0.05807936436265537
0.12820889436568383
0.08892610416172697
0.32058473888893757
0.8384720838347162
0.0815403543682266
0.2113033467120642
0.8858825132817518
0.3232595964286815
0.5633288262035917
0.022056177346847616
0.8408686107982544
0.17613588905763966
0.39292369789462167
0.6316054270311605
0.6048440447087516
0.9852671435376829
0.8268524561402005
0.11457265900040181
0.14308102808093714
0.5010436516392662
0.5093107629788712
0.06635984720516008
0.6892370836738022
0.2853046815486071
0.38364894241204583
0.2924058269169033
0.644572652912092
0.4458682539876415
0.6942451038001062
0.9873080202130639
0.9191309183577621
0.7600623110615321
0.7518423642542649
0.7350020397642546
0.27248815041471286
0.7999581699537036
0.7344648863187895
0.25617065427045094
0.14993902298028505
0.6436827332287625
0.42769636992369575
0.26899646554555645
0.25548757589165283
0.8747999863457997
0.5791388959304737
0.696466897756214
0.6335896426839588
0.3964807378471028
0.9349338344749362
0.7955800719708147
0.7808054201029024
0.4149695521778165
0.050418017299110995
0.0016420397738212689
0.6000636020915839
0.7029255246731834
0.8151384829137901
0.8430111166396578
0.8133309279418371
0.2991418488772839
0.38486462476545935
0.6550247509497577
0.9733803031998978
0.9410052359234938
0.5586765251685992
0.30873081829050253
0.1776072295189871
0.5923098648612946
0.333907178964734
0.895209753237405
0.4481573314830447
0.029941730116074372
0.9472258465863397
0.9780514866735502
0.03020019102229521
0.44006512238703366
0.6492180212350128
0.4985016580627806
0.8748484899202779
0.06135563657762333
0.1846766429258564
0.3034838963730272
0.37091457604961187
0.18446207654531543
0.235133333069246
0.7356314604289305
0.40100017100663066
0.05683974949589676
0.3436245297337194
0.7530705082256093
0.4030667501678944
0.336847783288562
0.8882259329748708
0.5967794386628781
0.7253518951140436
0.13057810504273504
0.3354806834671249
0.2226921531649254
0.5079524071141606
0.49909953938608054
0.3695324804968557
0.2362978612365889
0.9229333526618161
0.49650470539078084
0.5705710114696442
0.3343337385296974
0.41947449478339727
0.5375913590612272
0.6373183725441389
0.05484776246768697
0.2537188363956342
0.8235228191006503
0.3879975933188867
0.13853551521028218
0.33131108987420044
0.6447395882594701
0.6747935826179782
0.9997531198420797
0.8935700966860114
0.010901666758094564
0.7765820238062655
0.78201720700118
0.5681517306351686
0.037636102067408306
0.47486368422391745
0.619126757464582
0.317956885600854
0.1397290625684997
0.9717291126418163
0.2964665770339392
0.6377579888627213
0.45670142503309796
0.18381772899881732
0.8769131993160065
0.06678818428271371
0.6000755189880533
0.721570033460417
0.6836524122780042
0.4177519580313046
0.02994817708017028
0.15527187383297703
0.4912717210620151
0.7410602019777048
0.42486994530030275
0.3434549633442938
0.28040735676551254
0.3491642867609992
0.07497828707753429
0.8411091790285719
0.8073424706723515
0.8416088542117338
0.2876800401685563
0.6100524964706214
0.8644328529686038
0.8289892444109443
0.6071984989156993
0.8387606350036575
0.04181275757486935
0.6920781238561318
0.8738462539252037
0.48622581125318143
0.8047466785120034
0.1553538327124665
0.9166994264954625
0.0931175678527747
0.1742428847867038
0.9365732501722815
0.6647690652761338
0.9070950247402099
0.633799022991147
0.20405210146920338
0.35772632267469284
0.530933047508157
0.3424815087264069
0.2006778732807517
0.3373275340358344
0.826051630327107
0.4954863196770015
0.7325798662770515
0.6651309188391503
0.6016467559653922
0.8738525888111406
0.5199482078239434
0.7687152142035375
0.4601387771708132
0.09046644805521264
0.4875984278418233
0.15174214808362874
0.19511927280809782
0.48921893455764065
0.25907687739122887
0.16791424898922658
0.09277799038756329
0.8902107163036928
0.8604796803333884
0.5706902800273297
0.7692057935915975
0.46691654707835184
0.042199872025216356
0.409946950430067
0.013073283734474916
0.7153440148844561
0.5381311225075636
0.3068261897339921
0.049441410621375304
0.4227569827679344
0.35825708235230236
0.6937293403982979
0.8925816332320066
0.43537660930369193
0.11647519800439754
0.49736852285120003
0.49184050066890095
0.4117027159676183
0.43365974712898414
0.8655126744810882
0.09573676922610452
0.8871895680695273
0.16275825363738594
0.874006184336431
0.07702840084228735
0.5204915867679896
0.23715579896890848
0.1484365723394847
0.4470081362814805
0.9994879197798057
0.5772359030355128
0.0821787179631992
0.07611213650196547
0.6390590258456126
0.6772655370407137
0.6739920605309235
0.29988277468577507
0.04981834782700356
0.4991887100411718
0.38167436257986864
0.06611189146996765
0.5407444517809139
0.5285199599362641
0.28227906813901416
0.4035589262199888
0.020154562321081038
0.853348451897325
0.7162626007839563
0.5042917844972125
0.3498159212200429
0.764308549002095
0.6225646804396887
0.8009654593828712
0.6536624679696386
0.712251963631191
0.5621259918593097
0.5033022447995202
0.2117377246191937
0.2928096483512158
0.9681485802610255
0.6060075970790547
0.7960382329483672
0.19314695458015618
0.6255327797212538
0.09384097024749372
0.16463477823667816
0.46663998124188566
0.8880662478703633
0.6947971495908272
0.9847812913183438
0.06888231003522727
0.4179824406598929
0.3900228905745299
0.6251518823572418
0.338402089665241
0.6153350532235643
0.9334916145176133
0.46072091072524546
0.4749211349755169
0.8728456957503613
0.18853155192830862
0.6682435048408965
0.002890459376218013
0.42243289510835136
0.28912923927962575
0.5553772764641656
0.0335399028375869
0.1351733871006776
0.21146013582431067
0.7859135524222242
0.9502231856499155
0.801231192815378
0.11786834405306112
0.22656748945207006
0.481771669270298
0.7672347803293744
0.12101877056848065
0.0435193815209266
0.19166319227623274
0.29383082535275207
0.8870421437777943
0.1802627080918764
0.8571005370696062
0.8994313035454717
0.8989349343371524
0.48402037576170087
0.03944178645025109
0.4684189964245622
0.2479120886678028
0.4513127366391224
0.04085863759856023
0.556058739275927
0.8983648452810616
0.7873183515309978
0.2900199683677285
0.7524686927323008
0.7927176850733075
0.6462208388261712
0.863175546467811
0.35238383599092027
0.4462639482503793
0.15410892509321594
0.8099453798763224
0.2691844005154138
0.22938878226722714
0.5328536578455393
0.17238975611272644
0.028413851032823456
0.13100931332211008
0.8246339753142914
0.33307943934987816
0.0659718616810635
0.027302906972199725
0.09692676841162606
0.17419270856970615
0.7636517715227942
0.18452207975167456
0.09119637802265002
0.8250678467237527
0.284452384829022
0.5023720882771674
0.8130853445683398
0.1827807310749704
0.40487590951162145
0.3218598134702134
0.21225816258122376
0.6765307043623822
0.554295883923649
0.11151775608265657
0.4724045961482507
0.1996616232831807
0.8166878906600559
0.5382902649119324
0.7972663448563758
0.5341034286936184
0.9592782852805021
0.524043172652895
0.18754266705247102
0.9789594438072767
0.3723112922264855
0.6218040800628836
0.754068604702737
0.4288288234720131
0.07489998188246427
0.8575509055864148
0.3194182663322054
0.2049738141215196
0.20652565012471225
0.39989046177873877
0.8071453549710494
0.3603986602189917
0.11264287102731352
0.37695896969690523
0.302621003626376
0.19719951703807803
0.7832224623237856
0.566489679842334
0.24619842291575988
0.896807905189753
0.24741941472833284
0.8244590095335086
0.6579609641183282
0.6184989761013852
0.5017692467548924
0.655353775592718
0.4164998967725826
0.42007832468580375
0.801354364092136
0.19351397784962243
0.323831288268393
0.2687882295140881
0.3240320796134787
0.7938833270391213
0.3937584124303042
0.886919794197098
0.7934336241124847
0.7049731799644012
0.8793032983225438
0.9176503755117168
0.3317856280147745
0.03931252351495296
0.7935720709634972
0.6300642426768237
0.6751503309096155
0.16478988771497594
0.7277318104808054
0.85629068941502
0.6911849187074413
0.7736190680444077
0.2714730362061013
0.4590693403219247
0.6957731739985269
0.4345137384485097
0.6314201512263913
0.9128125049220961
0.782002406580024
0.9367883707595399
0.09212562803604396
0.4998205530672586
0.8774196571914438
0.7996117005045551
0.7552645229188024
0.9558283128177597
0.5613026254278279
0.4248964815044415
0.4731108559385281
0.7191696013615786
0.5008016410812135
0.4391466205546164
0.3606049918632802
0.700064586033758
0.7423665673784053
0.2755279702786969
0.06167860446983009
0.1331936701280677
0.9049361742440689
0.5772199030552541
0.7230815872975377
0.9258156466844465
0.4103681144883047
0.9436864483142857
0.8959586564619421
0.6586836227126589
0.25011390002903944
0.9368835033265751
0.3094143466962477
0.7094748244048061
0.3437558171420271
0.139280148165858
0.5975387344256032
0.42087856268496193
0.20862717666091635
0.4598947018313676
0.026295492266349307
0.9927573167119744
0.20330033915453127
0.05786643746307629
0.5364742507003325
0.7012185026402552
0.8948385967751362
0.32861668466401583
0.2283221775934462
0.4851242574895158
0.6021301497584108
0.6491065505037552
0.39626410976373927
0.8463095594881747
0.4558664458619923
0.019405926600667867
0.3571024706090187
0.33706287968382886
0.1357350211089734
0.22016102289549644
0.406355235507168
0.5447365429906474
0.6553744813857032
0.9401811532908435
0.34151958740987354
0.8631633807703998
0.08873121174034548
0.7301666987836044
0.19897175148598822
0.5758757337261207
0.6104544688081373
0.32950518027030384
0.6333972380220474
0.7673681369214993
0.60805796521587
0.5919565747413177
0.02587413270981942
0.3361400613547316
0.875152268218131
0.37269793113430527
0.8618544553491544
0.6725801168494896
0.6941227261470004
0.8129577674263042
0.020620461585969863
0.8286609476418817
0.839508008790485
0.05060323187294968
0.8769937560857494
0.8013628925737873
0.9603354750980503
0.10008624806660049
0.1372836543783521
0.6092076590349302
0.5373805788862442
0.7793155946021034
0.08272022886636143
0.5538879231249433
0.4263248633384893
0.39108748715978003
0.03668735363187969
0.703589655996018
0.5316386973398494
0.7830045674292136
0.6945146499837073
0.5654066506973184
0.21073866768370342
0.5446168282321249
0.5440733597865437
0.7248238228885976
0.9199751744419009
0.8680525228912318
0.4364716765469465
0.5726467861550448
0.23888631869498822
0.40356470532509847
0.5567052639010659
0.34324265868058956
0.14392468737651032
0.8161793933044564
0.076549508756665
0.6206966033390648
0.6683024199824131
0.8537608904123524
0.3861622689458539
0.45062404864059236
0.5933202445167143
0.020718935309924746
0.5630316893818335
0.37341229951234656
0.0018905490673930547
0.18900084845387954
0.702920583642006
0.7826940159685472
0.8456429731085017
0.9289994933764567
0.249427599406031
0.4332101868743522
0.9971762808864229
0.4498539555378538
0.2070753529591095
0.16717306277404043
0.20251005014719592
0.8329869615335839
0.9631896345461491
0.25620432124195325
0.6057683032047715
0.4644009233944504
0.37788276497399065
0.8100605072590951
0.2632941119173855
0.687678811480175
0.5835034003889185
0.49941272581021656
0.932829546271561
0.7925188320397879
0.04727560828480293
0.9086579666863911
0.04830158088253944
0.5606425803080372
0.5705290125146177
0.7964630579942654
0.9330593341154317
0.015234375261311217
0.5476689429917603
0.11243129385435313
0.9959468271839627
0.3524676459857893
0.1950873415251555
0.725892585549463
0.9883808895461553
0.6104772119966048
0.16696871828424997
0.6486207423872109
0.19312935470597892
0.9094707273282012
0.09362046550658076
0.15061151098017056
0.6444738210426089
0.013276557297849934
0.9250853518708677
0.4571229937863952
0.4701985550387686
0.3652638794114451
0.2779305675886101
0.9688507893131034
0.9263976026424278
0.0038599566356845028
0.7790197380634162
0.8751867076203448
0.03499177095833195
0.08284245278078917
0.4680716779402254
0.5963784450916414
0.1814329643360605
0.8227813406053023
0.19286100600100764
0.7308733612079426
0.6715983639800197
0.9398117657597528
0.7313681177960101
0.17244207964574265
0.9032467321188115
0.5820678949814015
0.8416550237482916
0.6408556070404671
0.6199397217305856
0.36127701993075756
0.30330865612417346
0.03416692395604537
0.8133533456827947
0.7682043964162766
0.31501770141612573
0.054991504481665565
0.2616761318217735
0.8974032639956039
0.7511613446465859
0.12234569953352015
0.5571780373861173
0.3955833787906945
0.908330689336246
0.8295508878603053
0.06321042509627306
0.5426059546754085
0.16492538429326542
0.4226892318226121
0.6118355852981118
0.9707328958405808
0.6778420660602298
0.029086765436658113
0.3400459644375097
0.017539222911015284
0.4472099517943956
0.8102816796251883
0.7658580504815978
0.496773611074514
0.9526800530807541
0.15998263922106393
0.4974694997520034
0.22789901564784176
0.8628732208612178
0.5685088025888116
0.05541848677726413
0.8407818719503718
0.920321006534791
0.05297631823922655
0.6687287805928791
0.17900408205768692
0.35019725696138004
0.9679370498210035
0.11480554484356276
0.7273903336760863
0.020053525196878863
0.5365302087060291
0.25753015163307535
0.4525687807485679
0.3734495383621369
0.24640324879260767
0.9280663753338465
0.9563410826484205
0.24035235645975483
0.026876105706241105
0.4131543323010163
0.49895397905527905
0.6068415487036485
0.615892887097833
0.7368981742296568
0.2837669956606693
0.6612389807665437
0.4379583353966807
0.24688610084783325
0.7106569553707438
0.21539234929590756
0.32895177878803683
0.6512423274636009
0.950662513417359
0.7571206678059074
0.5403871236317365
0.3302524291708029
0.4713207251346466
0.9601252509148802
0.9970770789567802
0.5324175590251877
0.38722699711574626
0.9146672339062359
0.7242644802644819
0.4355564790160241
0.28395527263673337
0.1905384727691597
0.5490533361090325
0.5643460673241277
0.8172160222883009
0.5340591114708402
0.42833352893419463
0.8209308998824241
0.5417617977298466
0.37330931616277163
0.6004757739863527
0.4395880020560555
0.5813951184224494
0.4931510695096989
0.5287740977731824
0.9057736929240043
0.015445231829752992
0.3093051332187179
0.10526184004287753
0.4067324038686849
0.43932222681611643
0.703774585659647
0.7932311601773079
0.05731430631180823
0.1660497253867067
0.7976852829364734
0.03927990175408458
0.2494336743055825
0.33054909952703626
0.31704657820369375
0.28447344747139136
0.07770862050722138
0.682420163801672
0.42057109269584614
0.21651126022237932
0.5008275933089077
0.5510706144500911
0.9371934031248915
0.5658243468805975
0.2729910161399066
0.11706692262287322
0.28009750259602106
0.6952870850517981
0.22419137682267554
0.2324975338019858
0.5511849607643771
0.904144538382796
0.3718069415293478
0.8467352082946022
0.07513329635343868
0.4008395058878461
0.1675715606742929
0.41548674459969914
0.05817644542902756
0.9139825276576646
0.29047775981260593
0.4399386311425141
0.611697228842555
0.1643097777500523
0.2101973086574983
0.6185267459774721
0.7311118857400062
0.9915531608705412
0.30387921527731854
0.37329298630046215
0.649648341634131
0.003937585522403642
0.7944681892309922
0.33573944890098684
0.9897957550087106
0.8808673376919788
0.5815864136977914
0.0029157469388594315
0.44245398954113935
0.953336719867313
0.5180674145060761
0.2696048765600082
0.6089255335419136
0.2644357313471388
0.574254929826121
0.30405386307919957
0.14628435119424776
0.8014263927972364
0.8344149630718484
0.5867551903600321
0.8238407005081761
0.07472739496572722
0.11691623329598633
0.9646834453259028
0.5564572665623286
0.5465390194298174
0.38249527331097954
0.2892198763440489
0.5115651447031083
0.9095108072871441
0.3621962385757327
0.728150966141589
0.7611568177365787
0.03639011557328786
0.558258184313434
0.4983631364961131
0.04632655503262817
0.35335302684136705
0.13729766724173564
0.7707605899954446
0.11402554766532691
0.27046024089614185
0.38684044862047096
0.8531069574612642
0.24641795508158748
0.11725424735853096
0.7687763985473518
0.03784330983060935
0.5523879005117899
0.13628475956505282
0.7552696098487512
0.02611567883967214
0.9658380089438516
0.8769672316921941
0.7412107062438744
0.3722442418072457
0.4315915418694578
0.8863663895518065
0.15682732507777386
0.37695092672451136
0.47658711447612734
0.8805681969377297
0.3467677461218396
0.053856986920796435
0.5399258038684547
0.8839310645475459
0.3866710710856879
0.4959981700475987
0.6047324309946454
0.6129696904847541
0.862847886977278
0.9763763027896807
0.4430873727511082
0.7637159162060094
0.2351982505798963
0.861083731132859
0.00391387388580855
0.9031785059251931
0.00895430743817327
0.37284674503023696
0.3176391742802669
0.36962212252497884
0.2609277207848759
0.08639712979349967
0.6018037617148094
0.7351611864795607
0.3492999504181038
0.7543896705643365
0.10869724337028819
0.5097339280662727
0.9839536765723905
0.1518345834205298
0.5725498955780971
0.5550968432086929
0.5049747237193746
0.013920218743798451
0.30459852702489065
0.43025713918662567
0.07799061878817692
0.46689332466215616
0.49832159448402635
0.06539487322656645
0.7076005054556025
0.029077337137404013
0.9032218848921155
0.8492939696142766
0.6356865895800062
0.4336957390782802
0.5853575640816803
0.4279967777910678
0.4408343183402198
0.6636663822356847
0.1540660081574543
0.4655448384303309
0.14671854193183398
0.0753054309737301
0.5374401706178373
0.36024878492951684
0.6133874111868293
0.3510491177373898
0.9415545054325167
0.5003277599399899
