0.3590480735404241
0.4748711325211932
0.04523061864117972
0.6247581550644749
0.3364868561729477
0.29385430373798427
0.18633002963773648
0.7137776562634519
0.13735484125549646
0.7894495886536788
0.8341706742754456
0.4850717924993011
0.34258747665884437
0.3732336695123466
0.6244160841290642
0.23795719987671982
0.7327314274578228
0.25167546097090865
0.3363609624037317
0.5254150567883095
0.05090356305382404
0.3954409203252326
0.1721592688687964
0.9493755664782666
0.456343049796604
0.8356628465554196
0.04405136836449752
0.578692790048879
0.13885080788004933
0.7398034735161365
0.4050590940683385
0.45013872999334414
0.7729250483851902
0.20918809233940672
0.28199319681963053
0.15850983768903015
0.8553131180877764
0.9712547600087283
0.9316873356460711
0.7221626801141839
0.3868285921361685
0.5258082426009913
0.31759118222151794
0.9528392173048371
0.890802800038381
0.19131541413854058
0.2720158714376807
0.9656412519955009
0.763923508368501
0.0790086120013257
0.11467584916306606
0.34899001241706706
0.8250194131947375
0.8208926379012818
0.8543601181099497
0.00660006201411667
0.23424160365793856
0.894062057001479
0.889258163439197
0.46500385462740423
0.5786943208445111
0.45991267361376287
0.47228448149151325
0.2183221310444201
0.47694718019341664
0.6776869574663898
0.3503740692792995
0.8610396338647355
0.6024262084920007
0.6153729953965328
0.6900818986776878
0.8998055998270307
0.00500492628075444
0.06470764629545167
0.10174530625860512
0.14418216142109297
0.4754123723031506
0.7119477696011416
0.31699718723314896
0.2537912454809499
0.48409057540841394
0.7166906568559902
0.5543325241986221
0.07932712923069252
0.9881140899321191
0.10294052043531354
0.576802497219965
0.9254548872217944
0.13523849562759505
0.407726815442913
0.8703601049417631
0.439142502542308
0.29374548449901283
0.743645885459887
0.8901974832644765
0.013318104087314486
0.4411959383833651
0.07066149702880042
0.7545325253539101
0.1130882583357552
0.09041563427313315
0.7284252467425533
0.18458674309222767
0.8095149453443321
0.3144108468460134
0.3831638718610486
0.43533955869224084
0.08959521642307111
0.11300501645374927
0.7574689341070711
0.9138890174210972
0.27073484345117194
0.3570360806436451
0.22161781665469293
0.28249894634050443
0.4153155442818769
0.9186042339871496
0.08333771292194847
0.48863838535456783
0.8845212169577505
0.44280124306265045
0.03432681032486862
0.9158048144960326
0.25648960461273096
0.49938073373270575
0.8953013791162328
0.13738175434762145
0.7775642063773376
0.9255968755535596
0.9890598408300902
0.8738882324850494
0.918185922403365
0.04142627153994782
0.10801271740703267
0.11247328433314985
0.49237405403377466
0.19085613373320864
0.9172545231679784
0.24549940857290964
0.20584691796338317
0.10742061413254922
0.19886323019068264
0.8859582818453517
0.2880857558867145
0.14402465042078294
0.2798109773327103
0.8218733334188512
0.7512042684516228
0.28105387338506116
0.5308789770995072
0.17195636832931704
0.989842774593608
0.12725309219009207
0.7642839641534338
0.5961465776336354
0.7856034682062932
0.27860840375740314
0.11868612326962602
0.9995602591337912
0.6210934506152367
0.33415888236291613
0.5687113508159607
0.2912262884535477
0.21763177385867094
0.4838817075101819
0.043779440234059
0.17468922884404914
0.9889285903471117
0.3656438939721114
0.6960321964641748
0.22610499642476622
0.6272685409706483
0.9839768700304476
0.12320333154321017
0.29564639457992914
0.7100273036721342
0.5459912023337834
0.16962188059315997
0.8333844869282555
0.5237897857166005
0.20306990323703977
0.768941230446369
0.7479259076702955
0.09403886160655694
0.23434175501467525
0.7627134617442032
0.7496132574715734
0.648129857141489
0.5339438234363465
0.7641378272413243
0.7722923197780167
0.3828333415929168
0.6224443497693591
0.752050134284112
0.47774053872965017
0.34977515400802106
0.6554657782634933
0.8777519581608385
0.6255861224535147
0.13055640208035535
0.4635323140726443
0.9924211436511398
0.1598849346828335
0.07736607367429893
0.40053530755039624
0.786165701621661
0.02056916068677117
0.013680875357323319
0.6510796944815621
0.7425601757306458
0.3789738558500969
0.03839500653027872
0.9627807893980211
0.7987690116615492
0.9732619559430196
0.8189761417627982
0.060199489027871644
0.6842746731604309
0.2471807140254525
0.5447992804206453
0.9540903625199374
0.4793839771281163
0.7293099595681263
0.044295042265556694
0.32372391069641115
0.6046741353205535
0.7088470265242145
0.22645612874693788
0.9546753158194003
0.5322452441168695
0.17266517742787646
0.23598249752204759
0.883645830002352
0.31928907877768653
0.02682248525688713
0.4425550055634595
0.1578784124873761
0.4904779460557035
0.4614689492329178
0.15446200559041723
0.5984062676527724
0.3051655380613344
0.3870631959827586
0.10829598252627348
0.08476438654143781
0.1720465547200981
0.14033833369430326
0.5167054120483925
0.6046632048108592
0.5421660067926352
0.6395635190691155
0.7574285227859423
0.67273149788648
0.8093406692914229
0.606669472889248
0.04115858196526212
0.4509906560723457
0.4759108686015153
0.7611008095507279
0.782767062548151
0.4223562639542542
0.26079132322288334
0.43709204655946166
0.06677245063231763
0.23534658197244052
0.6645466097715826
0.5640887700652838
0.2905581028677471
0.9082510649785396
0.8663319405369561
0.2008543341713358
0.27390471007983497
0.6845401662099213
0.4545202541078297
0.14609387469131352
0.48096581940661365
0.953208391656624
0.8350076458679624
0.25011464074872725
0.6512848895272711
0.2871270818518281
0.7022068774479374
0.30309473101150064
0.699008696212082
0.5644188208457928
0.07867209970259148
0.25913894730351283
0.5204421282340591
0.08198762584883634
0.8159954896095855
0.6916831950051132
0.7394553793189923
0.23512710738484188
0.06511928196143768
0.6453476996787333
0.5545063688892158
0.765424801892446
0.40707163016551307
0.5935358140917586
0.41356833343085886
0.79297666309044
0.3412693635046192
0.5171858825012221
0.20152222259760288
0.7711655949362974
0.5499698729191628
0.9762455186578867
0.03954032661422935
0.3062131014804611
0.984058707656749
0.2109014988391834
0.85757912039907
0.9162892004128371
0.9755337454176539
0.5933295876141009
0.19674050175632085
0.9431974668601933
0.4823633450717968
0.690581899908466
0.3378931973121092
0.7203407187156745
0.7142294881492602
0.34957549282021416
0.5825712467791125
0.044182412930639514
0.7978096650764364
0.8582371370284031
0.7653767518085188
0.28751794826550536
0.6244584438860229
0.40376841592140844
0.9881641542962977
0.9260453626826423
0.1890808394179183
0.5853097673167555
0.8935694774931222
0.37124803715250454
0.08835355125457345
0.037900263050532734
0.21121030528938267
0.5749571943182105
0.964843663382385
0.060140771225068224
0.6263034162853361
0.8268591638502669
0.7110430938532515
0.7511308304923093
0.415477714925262
0.6437167910236862
0.44748994268965847
0.17959781081384196
0.3233176305800828
0.10239081658586957
0.8272468679504918
0.9722424544336981
0.6552428702216117
0.41411655458266583
0.19564523308819093
0.368277135832359
0.9992655368298092
0.28665422358923065
0.7138756244726651
0.1704573407658655
0.5752177323931498
0.4579575048221104
0.909619319901987
0.36112360034818547
0.8996000504169273
0.45366238919602553
0.4121591672622049
0.37328142013334
0.21217105738176179
0.6677651477904871
0.055569954904323815
0.5782457821042943
0.18750645734548543
0.7981020725160219
0.35682121523700594
0.6650713327565854
0.9077525207113176
0.06803970161222184
0.26230187963675655
0.09946696594461035
0.2598095463897562
0.33228874578049783
0.16402636864429732
0.7038704881701907
0.3608319434352838
0.3195988409358278
0.16934153742293312
0.9265537230340829
0.8916270423314643
0.13235931564464942
0.849067157049276
0.8558158266049475
0.31685322709595864
0.7923980115275908
0.745348806670754
0.6672982242834878
0.8617566733750082
0.5777417135626313
0.12437427716223526
0.3924095306233347
0.2647122555314272
0.9184941669232006
0.06061069310943357
0.4858043893964422
0.8282321427735638
0.06987401212064082
0.4180089681457253
0.30710964282741904
0.025983567078464498
0.3738235574602353
0.9884274488186745
0.7374616863789393
0.5287145830725437
0.4481103024571925
0.39810315703917043
0.09268502422158931
0.9025485733829872
0.28023038888405716
0.1394333557178825
0.21254170951653495
0.5438989441928787
0.9903148068425386
0.0389854271687089
0.30450327050533066
0.915433715783028
0.3788805183932059
0.7992410607208497
0.812520506329897
0.2581167161823291
0.10045509221790427
0.4650640332734267
0.5297493497866222
0.2963583365547223
0.7264050566020782
0.11800021088087886
0.2240902657835161
0.9300310529805652
0.2674162831189809
0.5818671428652868
0.9538377041417123
0.58061572831384
0.3652543783271961
0.834941648052191
0.8283933757666831
0.5846163523716746
0.23908441492757815
0.09331042720307192
0.04225803191547606
0.5604055416758927
0.22511472018049627
0.5727258011733118
0.174793641204131
0.713040942793272
0.4361693891204832
0.21228895592309815
0.63041426315962
0.32046223578476074
0.7149913520747381
0.7783690160584964
0.274238622468265
0.2688254889708527
0.8588830717544226
0.8372176204731456
0.8882959577472829
0.6791307273963969
0.47259086303056663
0.7567441646254367
0.7678318260390737
0.6791681568248361
0.21686023966491874
0.6861630909747984
0.06904203039548384
0.5788506256788424
0.2450116232429913
0.9739531967165017
0.4557727276097354
0.8494972075473365
0.9966875537605466
0.018928380460826566
0.4036496357222462
0.05708427320378373
0.32787014957439187
0.21288292939478026
0.19961422787630345
0.03322043748893777
0.10963251912851546
0.26219203445214645
0.09369655092296614
0.4613325359803636
0.335379494311954
0.3101431111449996
0.8986092629574766
0.10567256702317762
0.1609986580681022
0.7206795769397191
0.35295229447615895
0.046410230002801645
0.33388566991360824
0.7255249557851313
0.9147415966957423
0.9340525356173957
0.3911428239931358
0.0569994212618129
0.6751456540508217
0.35549735986723285
0.10908881783251934
0.39259724137696816
0.11320036370559527
0.865398322000725
0.5421037427235752
0.22537760362481785
0.8351027249842311
0.17310006984203907
0.9938629605344952
0.13877189889414
0.3099910060932316
0.3344354315271687
0.788398438146859
0.06947935034255537
0.5653613082810015
0.6544830008838285
0.3772818544749368
0.934157944534288
0.6718143338566875
0.7138768274670886
0.7940897874335233
0.2597273901968007
0.30006814828409667
0.7868824551168216
0.41215234435808956
0.20930004802061153
0.6653269632750207
0.562464636698713
0.8565547057850279
0.252680839969587
0.47533965951972956
0.3530152492127441
0.17088450180643544
0.47159713430178485
0.6861406686408023
0.23395295887052703
0.183988084988436
0.4041279778815654
0.042889031408763545
0.025453417040552595
0.050367354981223356
0.08063056782434308
0.4361268213534385
0.18049911483844683
0.26665816520558494
0.13285494268390896
0.8040331467717353
0.8133922378733129
0.504292770737601
0.9394639015003117
0.8221584598324476
0.637022698509518
0.2688139321878904
0.4411694819893789
0.6013298316635278
0.5223560067886052
0.5000792491400495
0.5650301768970026
0.3579936075105127
0.8949933884823882
0.7036219374541568
0.3249347587538035
0.8746476086878388
0.3318376018074054
0.9708031847041577
0.1701784397205417
0.5810064665642637
0.8870696762475974
0.6349007355116321
0.5492217212285412
0.9309684767241863
0.42581404843021853
0.8792552861270735
0.46100756667933307
0.11040807241479111
0.4504874973715577
0.21585510713814005
0.44099043356145995
0.08683990575544032
0.3534191267290465
0.7164112294171837
0.36922733528870777
0.8383535947511598
0.17785007470163994
0.09915465760597875
0.25911862181213796
0.4488683296435855
0.7545877112800438
0.07487182006313697
0.8855648121855031
0.6243575130155072
0.7776474042177791
0.44317384185792286
0.3493179249490179
0.2689644314135734
0.5712934493560972
0.18341382962513098
0.2647010655235452
0.369139681985562
0.43926359518653824
0.48643193090542736
0.5238951497928441
0.01987162607601145
0.8595673365041854
0.79687199420367
0.04088536592808689
0.24891801845932937
0.42218497566430113
0.801709655143834
0.7155879288744893
0.12409738176301677
0.01749775445860524
0.3934814455731075
0.43481707172005335
0.3126662389596133
0.7870542290416904
0.31044941464290543
0.9208876217015616
0.7047169368435384
0.8213494227620004
0.4645100676313677
0.31993342814624837
0.1386663845533712
0.49198479579538046
0.5483896237834379
0.5656593340659184
0.5649060433901254
0.11757575071523474
0.5727326839854091
0.8514167368565101
0.3526406634006717
0.3740677574502853
0.5498998696486213
0.31671622230817786
0.4036486093783265
0.257649398081778
0.3492349386497139
0.6649809166806073
0.5203422893568468
0.6146492050837961
0.9792230572910322
0.06461095694325536
0.367138459595035
0.6422651606132395
0.11291269574693075
0.21368076060050178
0.16808221759723918
0.1321427415862595
0.8637966136838061
0.47593455816135877
0.3887577257196392
0.7681030047184858
0.920101296574684
0.695879619852447
0.6050448300703464
0.35163941999019144
0.5851591885430876
0.911562092875846
0.9089169799341359
0.05508985150536616
0.9053859899119736
0.7705807925527504
0.29008535498022303
0.18922090984809814
0.017070765725253456
0.152767147660827
0.26575864765435675
0.2953217997625931
0.3676555826115149
0.5278863389888894
0.13236124022414797
0.6107696819396082
0.23475378832782656
0.32745141975522296
0.9653210971145472
0.38610970949405776
0.9009605578607672
0.8541435392081485
0.8027781014692703
0.9805252947171099
0.010535397444489836
0.8420751592082423
0.715230185317633
0.8141231861016726
0.4618425234566973
0.28910750607399205
0.8808208779953346
0.7346629629966258
0.6158759870855284
0.7990122936064478
0.7412408225446875
0.9408716526594878
0.5832427362891152
0.9368613184051252
0.21845093141978367
0.5696023316863086
0.2527816437774324
0.4315170661165343
0.7033089543142085
0.6771238096451219
0.559251513102115
0.8737143725580757
0.7326013960142305
0.25615962201195297
0.22163063084540768
0.26899730988072734
0.7274163707123953
0.1087047615640947
0.19648265811294963
0.6238015520119444
0.584955260591759
0.28948402917047267
0.2512626556569836
0.7613085916235489
0.6744644968547867
0.15447083558618713
0.5470728676831483
0.888991421011558
0.7853268654858128
0.3669136254575196
0.14839871388620451
0.6285148308569931
0.6059299717538874
0.4851078543227465
0.4782951707543617
0.41069537900127473
0.7892168767303611
0.924456700922817
0.6922460322838151
0.9653728914125204
0.17574078693302042
0.06042519612724395
0.25545830209561293
0.7537470889411226
0.6336721592316077
0.17572771102388363
0.20271194854824992
0.27712768602648996
0.2732064783618211
0.5466060823801623
0.7848370229316759
0.10827539805082642
0.38629258555808244
0.7149661873510778
0.19055631904691317
0.1660139173801205
0.28117054007725484
0.36882320430529125
0.2486535221342232
0.3094753626842204
0.03387911823833201
0.9875734121436482
0.6581015406224013
0.8177078077414012
0.12738080624220083
0.9918678777585632
0.385666073905943
0.9941205964880577
0.7759428842257513
0.9209609519176094
0.499411803956206
0.3722276836751395
0.6598636372669747
0.25000001159163565
0.473873434084885
0.35361977723312243
0.49414197743714416
0.6905568504116759
0.786038064434532
0.6540814333817311
0.04617669498833876
0.4716382739229733
0.8897243476209892
0.4235099287664492
0.426318741292971
0.08639881740941635
0.42219270587642155
0.6748473222378943
0.267135443284784
0.6456215229716323
0.8426293124899817
0.6352020750051279
0.5088507945307637
0.28706612258696895
0.11156766678462593
0.42330101110517293
0.8011469804825295
0.95693021784428
0.938004774067857
0.6216487894987772
0.11909568573634344
0.3295463158630154
0.9475692805617388
0.5474949522525095
0.8989013597231262
0.8681684975718403
0.2421867560104385
0.6462705105643519
0.8512407287905648
0.6723246884056687
0.10982523309543757
0.8780159181719385
0.060463236403861975
0.49588754838870197
0.14809916583762783
0.7552551398258234
0.658226812510535
0.8631991374392792
0.2807226454229157
0.5340468476524367
0.9347471151593834
0.3045278103158371
0.0772912187385204
0.7417128672037543
0.17246027508925155
0.39789600978030804
0.6398387668004548
0.4229363396203638
0.8840635893863108
0.1805542313930859
0.3811869776352852
0.587264574990077
0.44307482583970326
0.11628226304795575
0.6616791990525189
0.8871589407004374
0.38763560527756336
0.6770144422786128
0.561091989582121
0.16792900953705425
0.10810388678072436
0.4782849789817396
0.1892637037163135
0.8969111416260624
0.6633810177345487
0.01071099128107389
0.042725324828238875
0.5284680951471291
0.14822879125119814
0.06818012722337963
0.22896351212313493
0.2074258704775308
0.7988912441357225
0.366442092559637
0.7056327772432359
0.8323157447560572
0.7094478750205983
0.2394867848078911
0.3704766210799465
0.13647627790414596
0.39208074934162307
0.9997930797210779
0.8565786189933502
0.49553929651811723
0.1685458838617011
0.9736493829434455
0.6684484752137682
0.441983831027866
0.07222205769865497
0.29020413578954296
0.921351462747641
0.6727628854944671
0.950013542501945
0.6032157490987861
0.6496151889092354
0.1372814023311627
0.6349644475848185
0.51960071239441
0.7406853268128423
0.6378981456817467
0.25118445660810274
0.14569857584993762
0.3852549767607031
0.33521438892830147
0.36865712303335596
0.500624976633891
0.4059196642137254
0.23246712177958917
0.8083511840073792
0.099607042785958
0.027293816919756297
0.015518459951526897
0.9480843881511194
0.2518311901662812
0.36162886751935563
0.08893094708385418
0.43945657337252586
0.96276756049654
0.6366053823794647
0.5045579828445994
0.9715779335960787
0.7226181909624896
0.1542154655748934
0.33273276507854144
0.4509278180458187
0.30153496393626256
0.6883189469979527
0.2357416802808674
0.007287156971471642
0.5955748233152764
0.8962564410548645
0.9165344175250267
0.12627616603934944
0.8234259374870058
0.6237257573522591
0.47455588363063683
0.9546432639279824
0.5176781393618608
0.325545776298549
0.12384057545708438
0.678656072825663
0.8153964309669447
0.6944076973475384
0.3696475555114074
0.6350244227685038
0.6434550848638344
0.16332972207020957
0.4185269369783877
0.6909763862412096
0.24541149684176478
0.37184738747393475
0.16020400176800553
0.06375661138111799
0.610463581434014
0.6647493998476233
0.7360334506296965
0.7763693013034887
0.2583660577718353
0.6489305979941757
0.6587504382880263
0.8474218716005796
0.8275565001868161
0.3863416823447178
0.7747707307287351
0.5389813910311109
0.1603120899996785
0.3767504474744938
0.8682752144447727
0.5147797576220603
0.9398215707337756
0.3020623076232867
0.11006304644026721
0.362274993443071
0.17061972767691092
0.6628191750754583
0.3568878794829188
0.7583387663641883
0.9852032028322655
0.18458223554089515
0.24265249423568402
0.7354524676723899
0.9745363946415967
0.5858216710263472
0.09396810939811373
0.7632218183025924
0.5622453097210268
0.6675038064283213
0.17509936306172091
0.05627062573764241
0.3815260278773679
0.8485778761716372
0.26938160176470405
0.28908307890327634
0.6041936905419745
0.8893446128398792
0.6876166635452252
0.9016738372595426
0.07155971747695167
0.45531720536894615
0.5514772567320115
0.8303515510500287
0.35224450518969974
0.6390824297874556
0.5586043027641493
0.1979145615739092
0.7807372662089852
0.5668649603946594
0.8625895022774086
0.865142884458521
0.29645955255141987
0.11214973162870157
0.4403258930372119
0.20382143862779145
0.5904719900537488
0.01747314964383717
0.20188972223617574
0.9716330962979812
0.40823509347442055
0.015540178297246077
0.050000425286712114
0.9646526002249033
0.21942156429408266
0.5725563366985866
0.14468899058863405
0.3439852426564747
0.4497782872781628
0.9575067420205199
0.7498609844301511
0.05021531182823802
0.9394928091431063
0.9314176011922416
0.4245691988375425
0.8357699654619489
0.04676214071014684
0.28445887787871416
0.7340048944083445
0.49288114908448044
0.7032138946574291
0.6704298414805954
0.2783448567928196
0.43591957010654137
0.3769268643434547
0.2556411685091189
0.6802855302615551
0.36107400346684426
0.28209751068355626
0.06715647119093948
0.8481982540064343
0.9853950112495949
0.056569593942359386
0.16576390757495685
0.485133778988566
0.5151067852995953
0.06447858683831498
0.18813179752173947
0.14061234639051334
0.9492314699136764
0.25879270859926984
0.9681745507039745
0.656832962823001
0.806001831830519
0.2978867453943227
0.5989027769870827
0.20400485795931034
0.7597023744245681
0.9771975129474575
0.9524448781476765
0.08847393025846784
0.30690310103101526
0.9012749844937346
0.5105605463207719
0.5572525968113847
0.8654988793069236
0.49955418490502723
0.3691650953257025
0.2849021585627003
0.030970489571097826
0.47231289390196096
0.04683463001688126
0.8684354189088385
0.8546565979873159
0.10494688755441373
0.5652962050995191
0.9929785673598448
0.3701834135748999
0.09179434501822792
0.4115974006058274
0.40854270133110615
0.6864367551304711
0.230117894383999
0.36144540141625103
0.46797631742283674
0.7064836411826554
0.814290960632618
0.5532144737639535
0.3167694260161056
0.7247361719859086
0.25724807742593925
0.6812206687792497
0.6993657941162023
0.6838904472361368
0.9653113779091161
0.9015702585946618
0.12803986372637977
0.6650826809114709
0.48049780655044017
0.0931677566329947
0.34114212558651313
0.8972110427479518
0.8501136649256491
0.768099426704978
0.6145846172735885
0.249986329862812
0.0314429348827403
0.40289953800548894
0.28965765239755736
0.3041369521263798
0.6231192346462795
0.20496863377309615
0.26512604933138906
0.5134914678940072
0.046447984650905605
0.9240538772542484
0.016491335703371912
0.30259338556088744
0.7092850484011644
0.3074567222681962
0.1926982507401256
0.11669590173951594
0.7366560035115374
0.14020583439302325
0.7647400548997448
0.6967841280663484
0.34659400227937287
0.4971226879880971
0.21906252611317056
0.7872126734605598
0.863026247102267
0.19967605948778588
0.5625376861782082
0.37835792108035426
0.3550333031700106
0.11973005152373206
0.554497071403203
0.4336417687674071
0.7382914059661302
0.20991945313192495
0.2907342484164954
0.910730344213705
0.6485972374841168
0.41942742083788853
0.7815779916213703
0.6077076887883213
0.41621844781325823
0.9525370650539611
0.2040469017800588
0.9257201810297263
0.19226724814281193
0.8724501170121112
0.5648162155688683
0.9506427681381149
0.4058867624805056
0.029748259961333234
0.3680475660603544
0.7169556370170648
0.9628304601328391
0.2797972356227765
0.5293596243579125
0.6111987689802458
0.37541090499635177
0.1804848953846736
0.13103584296336335
0.14219475369558288
0.847272495005403
