0.47111041152929156
0.9460681970106111
0.08213832023330403
0.865825698260546
0.6004569080339255
0.6720182437457156
0.6032202541792369
0.37707902319415465
0.20608415108536848
0.8102130363256945
0.04666731288028403
0.2550610371457245
0.07770210694344748
0.6299017651870241
0.4817708660246217
0.7522911134472329
0.3534302568809906
0.20812503076751854
0.11448874595684477
0.31560805319522056
0.16444259517207205
0.04851049110726302
0.6873700437314221
0.04408174626656247
0.32088794471572113
0.8152698215236677
0.2086986123044573
0.11604429858027432
0.15292063022946312
0.26410542646999235
0.7169203276636503
0.7195524961447067
0.7729455858721774
0.7827990944163048
0.7889829443176068
0.9868425855959144
0.3874210876778481
0.11627318397522779
0.9658518162054102
0.7947772931852165
0.44154659627216863
0.14769890255853402
0.15260348551902758
0.5873721459532159
0.5273444833725248
0.12430763774101716
0.06842792394977115
0.7298900069289553
0.22299243860077256
0.8856060506308204
0.9599063513170654
0.35739387278190937
0.6379004880539847
0.9442971342771681
0.28041351482765686
0.907136452769663
0.3954763836674927
0.9716269225947148
0.4433553025624306
0.9149486801277491
0.5363754200446677
0.07227102078550462
0.824518262967077
0.32472677994790244
0.8289118140328705
0.548689707217826
0.3558215371898743
0.9347368564338921
0.9801656150783654
0.8065945244086009
0.7770128307463446
0.4580476456506577
0.6175364222186763
0.7320293817167254
0.5379609478009503
0.18261388455817473
0.0433234434809503
0.14425343718131556
0.9247710875977375
0.1593662622666807
0.7403399340006954
0.3482440830216629
0.8419401237508739
0.9698256615209745
0.9768451730733736
0.8373412114737414
0.7169566461758794
0.16088077550044055
0.9641786844267133
0.8423714908378961
0.48034613847221086
0.9527899572479779
0.3903816595250438
0.6749883426112917
0.7761663147843068
0.9637885361541559
0.5002908487545232
0.9856619604054798
0.04052409430534676
0.7836015074695208
0.06700709293459428
0.9712812579284849
0.7123258306349941
0.3438850828710912
0.6797565695605159
0.11570547239910123
0.47560831955234206
0.7732084787362427
0.3611811975786141
0.8194560525657375
0.5138153763122101
0.9503615033720748
0.9393853860944785
0.1848916357365561
0.8998356890556941
0.44902128123891083
0.44300929634917896
0.09401895081406453
0.8217274495563431
0.25603601076710747
0.8363901318453713
0.17499451255366139
0.3927169194500665
0.768546386379481
0.33043539217197937
0.8392042114547665
0.6936876269188577
0.04655854979937102
0.15530568016198965
0.23530157691359088
0.4241857330839359
0.11755088139356284
0.0772153665792299
0.8821610314011756
0.2888776018818717
0.2782690593623386
0.15814671233171462
0.3309627377788923
0.4534457674933493
0.030586567163995104
0.4237753218649727
0.15977200377590384
0.5094119597225548
0.05735471848094642
0.8706708765290512
0.46875150969945745
0.3036566321436134
0.7124020615929627
0.8242062494861875
0.4758487633901055
0.48970807533988625
0.5559546637965237
0.1614041551922476
0.7022737755832674
0.9832698674683038
0.02081541640498963
0.33687000658903
0.038461295551364016
0.6593615653045332
0.8325122182326959
0.7441719717783697
0.5166220334160917
0.06287248426863323
0.5512006861196895
0.8980230457914339
0.3802077648474832
0.801629682741991
0.34289679572043186
0.2147137727437669
0.9669913083006444
0.7759854092190397
0.2641323420035627
0.6099513186412395
0.21512300344756397
0.09335179663978743
0.9191374108933102
0.10192678051417337
0.4761769341018429
0.3451034215333718
0.646012521022844
0.7719714467312401
0.6208820179846221
0.16085681280995656
0.086286720610815
0.15530751368824913
0.49096193928629905
0.8353173713326842
0.19728689725391257
0.7098632537809298
0.7022381440370156
0.6481890535438738
0.02321568307666433
0.7784155854394557
0.6738108195824972
0.003310957666689207
0.265258302956646
0.5300155038250176
0.02532916112032202
0.9106271953383565
0.6495885865556609
0.9552428958407627
0.842873943274424
0.8994394613446943
0.5056923249614926
0.7841741249569366
0.7640117021333788
0.5139775295564413
0.31784047305504626
0.9870383156748078
0.178673276210918
0.6152080214035278
0.49977423519740427
0.4861004119611223
0.8300755941816791
0.02472802166445054
0.0700700635158732
0.8109291948728747
0.7251508182287882
0.9594284532580418
0.7283903722524422
0.4286912593812151
0.0061299093817924755
0.7169006965015993
0.1811663726809397
0.7981423659891513
0.21947287657201886
0.4136766193985689
0.5457055571551628
0.942486684644787
0.016890296665960203
0.3059638697373409
0.670545860441777
0.2876971360673919
0.9788100738556733
0.29858215274746924
0.15062598928742077
0.9282748643174846
0.135048802318408
0.7505798072107586
0.1901577920916908
0.9047378918558288
0.831792641825527
0.051097512753314644
0.3285792325851081
0.9347755058001731
0.8854587846072477
0.09529471032506331
0.30404644119448687
0.34569070597560214
0.5196756035747216
0.3972759818994369
0.5638744959260569
0.4955357479485357
0.9989235442006525
0.8841133089084907
0.44684310602199173
0.7913732075860088
0.2603929378756812
0.809890920943103
0.2414094621100723
0.8175549443800211
0.2842085253271276
0.5584076195084172
0.5697129326809367
0.057797641906133124
0.17745597077935393
0.7659582930423166
0.11386653494840382
0.22921965463403315
0.12637816341109576
0.7606243567596493
0.702186635154656
0.7492109145639709
0.5368235472199339
0.2544866474240298
0.46016442993945283
0.7435524363026109
0.3176532370142958
0.4003003482114167
0.49034261091406395
0.509177167759143
0.7286887526830217
0.27269935681431734
0.3469122463632812
0.5902409943611768
0.14329896793500907
0.30180796859198955
0.5690791512079069
0.4314767971755662
0.33665143284461596
0.8716108569666879
0.4942263156821427
0.8590533809297067
0.1487964357964855
0.4997724567456038
0.47289940550939336
0.4316647674655447
0.35785631787816163
0.8266823630309901
0.4964905523178843
0.9888541279716017
0.30917695657418254
0.5006454521317045
0.9834487194099354
0.3074431659519533
0.9407475259137726
0.2186516816766877
0.3517763777873386
0.4811851811468906
0.21880948738425043
0.027951109987596534
0.7642144747353774
0.40320178654921124
0.567220673781777
0.4276603801718606
0.6170441654539655
0.5341705401642118
0.034431357345283575
0.3518620979969761
0.751990867670171
0.4091580363560965
0.06573181675910245
0.2679879192329083
0.6730418030682599
0.18945685072571694
0.3797542330238699
0.2414289926690647
0.01914271742827034
0.937234689723784
0.5468973685265256
0.38736817255068134
0.20143271457920886
0.09126667195778704
0.850882296918959
0.8416131702189171
0.5330202881019761
0.8431029932011505
0.8465776757376832
0.24219671962535982
0.4097828725349718
0.7273997911436318
0.6316358503734345
0.24837260766948055
0.42161808295398806
0.9011534004587706
0.8372148574691884
0.6915612163046889
0.2951084918925889
0.36467923512541855
0.7237091073438728
0.0168236024308116
0.7396103782390985
0.19607799940202109
0.14379268332603412
0.4585070806566188
0.48265014056108857
0.5532333010844345
0.4302499931617
0.3127331955172804
0.013250617288216526
0.10384778785787929
0.16254786860023673
0.8465085583667898
0.9206674368893705
0.4311316155726366
0.010760532757831398
0.3443241437404897
0.7971236410266198
0.7659368674918428
0.7015557396123511
0.6942133632545991
0.9241013195937616
0.796932947642964
0.8366087840613048
0.6194019094889494
0.8828782132542874
0.24060842411993344
0.1677739706146102
0.4523508782901775
0.40120897063272587
0.32548597749571695
0.8772623196685285
0.2674947021177174
0.05003450140850685
0.6936841987517252
0.20307665096766003
0.5438735869569133
0.5703302356830016
0.5077644221760542
0.31374409774252354
0.7514979195255719
0.6772824366922985
0.9223688683964193
0.4281735835236362
0.2107176562964539
0.30572817040387945
0.8970547843752774
0.08818454824714528
0.35777356966255125
0.2945871616208293
0.23916808742018403
0.07570102006528501
0.2062009370521527
0.15112127147566834
0.0447142158057664
0.9491618287455036
0.11160320796039225
0.4072872252899946
0.11921805064926339
0.9670759600744503
0.6259909292556617
0.00419049707045438
0.11077458240350124
0.34298543000095283
0.3609797320050733
0.9624099230941983
0.1431396489528005
0.8660022711177675
0.22058359201566113
0.2861058759929034
0.35643425345283075
0.31252904593995756
0.6608667492660698
0.8610727221999562
0.4131353672432314
0.9213906562545414
0.8632228843394776
0.7294278322852198
0.19289079788047114
0.736797414616158
0.665688334386343
0.5340881702865903
0.7219958821159744
0.07249193884599558
0.1935675641692287
0.032210148199659616
0.9455790417344107
0.03390570386335767
0.5379063591198212
0.22951612917426778
0.90478451478739
0.5718887497222287
0.03417637422230346
0.6793414850058764
0.17728799003513285
0.9772254809715688
0.5659082305317795
0.8228327336685488
0.6660824283558004
0.3430171312356569
0.5785237299370359
0.08711225724613625
0.19651958037862793
0.8505614319541049
0.6737507215751684
0.9421785995309097
0.0438484286568489
0.42730940623899527
0.2798540076234315
0.014038303365092819
0.25967907490553555
0.6178339745751168
0.9769857081078499
0.33425125805269684
0.5427369852239904
0.00784711715108477
0.6957468057189301
0.5498169757036666
0.7294850569194418
0.6376552355924391
0.44831544019986047
0.3477127361290423
0.5871182121079801
0.70295443823903
0.7838732727952449
0.24209805297923181
0.3909103335297297
0.4624109499893395
0.4701130709195067
0.4923736533130525
0.47374991366170194
0.6236607346282148
0.4441706655405344
0.27071950469767725
0.24263698772038433
0.2358490199600497
0.35131271377682294
0.1714991394309504
0.9731116472639065
0.7812591891407488
0.3552431333949284
0.6092274329807281
0.2033459529730337
0.30569636057471894
0.6156847169761094
0.308664399995043
0.1496512295067005
0.70827493065362
0.6953018902035321
0.5188205534320056
0.6973384865236083
0.9104966050902953
0.5256610969465084
0.5673766620294096
0.12060577122008431
0.3869447451216931
0.38475645778324497
0.4424558027581533
0.5071321396055088
0.23766932158567078
0.4808287784055195
0.6332158619104679
0.7021076882669812
0.6055702094926841
0.00015521854347899655
0.3535344899149072
0.9913148532366775
0.23672912748834718
0.5509969884073423
0.016098092679439402
0.5397305009366169
0.8760650676497322
0.8590901952076812
0.9688743662060901
0.9979216758142339
0.8686437593988534
0.18163538790427258
0.4409730973061423
0.10353289025323897
0.3383271654018052
0.269897956778282
0.5779128546324134
0.2233855458906665
0.9337097061462671
0.08155016167886597
0.8752963902064157
0.46641173904532984
0.769296193833941
0.3482399167922756
0.16819567579732964
0.49182682791274934
0.4523233193593139
0.8575906099209217
0.8624059081963628
0.5203164387161978
0.6122765810750124
0.3479561213830479
0.6605034675586696
0.3671053995645168
0.3111486860604846
0.5671841439670737
0.6507452761180049
0.013809324398017409
0.13617462660296553
0.36541235314880627
0.3729867718019526
0.14973697478358472
0.3367058860497173
0.5251155188675505
0.3940153836700483
0.6767289911517034
0.681554019196921
0.9629361518209182
0.0338820787365165
0.2524927797972989
0.6579945982778304
0.4475237846259117
0.9315353272911808
0.9623577271536188
0.4283044947248549
0.9416216250026693
0.031177926312422777
0.36388529160168603
0.24523936699669657
0.8163820567728044
0.21107763963010207
0.5306735954582923
0.7544543379028523
0.5601880147750462
0.9237785618683773
0.9631260079346942
0.7202682490463795
0.14212567640458984
0.03578141922755951
0.7008182104190005
0.665455496545761
0.7858155341623249
0.5083303293739171
0.9945076564702332
0.498593059480568
0.187082524281441
0.1324464660392235
0.7058237920064724
0.9769362905361482
0.28818954443604616
0.16427329094513488
0.9631943140317998
0.42047944945625515
0.349190220064828
0.9614063459520328
0.2832756836153184
0.5911165945914522
0.745471212772744
0.7560947989924899
0.41228138824411187
0.28743500755236706
0.5041981529394296
0.2325041834721564
0.7507368068279832
0.17445402346820982
0.22853614450874404
0.3822657649973731
0.8787224141937965
0.9047786168640868
0.4362625159164606
0.06698044679188142
0.4225012927036277
0.4681918684317814
0.8381764418153516
0.8654581238534652
0.9737173285676463
0.2323784953032807
0.5432030659811242
0.7400425703305321
0.005620555958413931
0.977223376713527
0.16936546959310306
0.5081023813966437
0.2878881201006397
0.5868639572674738
0.8685908378978398
0.6678142241469757
0.9537047514953724
0.007811659890833433
0.03980503862921392
0.30651470572998596
0.4772533019588535
0.6945318282669798
0.2574512410707226
0.23247243000931717
0.1835475494424369
0.6978745516075635
0.6047348256667202
0.9634346169961056
0.6172926086679409
0.2190031565241083
0.39990059200790673
0.8502226454168381
0.28927847731859746
0.4593165595979275
0.04921745064574323
0.26061212360931574
0.7971952800182761
0.3450233029046401
0.8321357802181462
0.6172899635880591
0.5878685674776911
0.9084909637554109
0.7749672621720297
0.15668022245596758
0.21804417555183697
0.7545606266477568
0.3657783233585231
0.34076524367126504
0.7118337872732671
0.7150463181046668
0.4513119260921651
0.05649131648608474
0.1729273100980202
0.29788910168319715
0.25171747023644875
0.8091068633964226
0.6584133811209815
0.3964506404442658
0.20160222919830328
0.46284022043222717
0.6452063320031783
0.8085497371626548
0.9793341979534856
0.04033722977570997
0.3608146044222871
0.8893494159812629
0.6794382592371766
0.6237343095850431
0.9222775624864319
0.18833656339561655
0.6189820677798463
0.16295352340953195
0.11747583422760399
0.7543037582834894
0.8812042063461837
0.8113615700949746
0.20504185135003028
0.34326920157895824
0.07264646331077806
0.867264223474578
0.19917851934550823
0.9471419818777888
0.31491731866409467
0.6356744848301322
0.1385835909080705
0.7088262108394715
0.7343695197624536
0.025290622655055217
0.8726994581644292
0.504189341156446
0.6933474672549033
0.07709351544730048
0.8490782576883905
0.19661045852106462
0.7745791762702586
0.08163848903565463
0.6210695842906748
0.7596984370609141
0.49621139216785115
0.32325786028616166
0.9356451389065978
0.7350939873533294
0.34346354719073435
0.249547601511392
0.889085681626529
0.2980340109058547
0.6102239697274487
0.6991809073102191
0.43316941583285495
0.31785802861761014
0.711658006151232
0.9275633016362962
0.558816742769341
0.7162410243686467
0.9091345122584154
0.29393254771641686
0.5007691924222502
0.41240408783742
0.8035161115349472
0.9327077548784258
0.366539868545117
0.6619831900887788
0.0469310162725054
0.14403249389827488
0.8825602229886055
0.881745065058378
0.1876979623653734
0.690114818942284
0.014323968595978176
0.7837448377737335
0.8129882846102965
0.5413306676762615
0.719412776579703
0.05733059412115027
0.5379728331118571
0.33264923671167634
0.4272161632792032
0.123863901704801
0.37786656906972815
0.949312836869785
0.006311579277737844
0.06446887516375877
0.3460534499177166
0.5412227499559883
0.1570201763357243
0.1760534371267194
0.6794506095392787
0.8006090708034169
0.9708270474661349
0.9758986377221867
0.9509186438842283
0.7053198392134228
0.9104382105910966
0.8374938177714575
0.9258635843084863
0.6590136193998171
0.09404293114442253
0.9735641896127671
0.8855590144832283
0.09988857035040721
0.9151448294710769
0.7792645778249307
0.7464378841120413
0.04206301821430791
0.4213725725898093
0.12544222629591106
0.28273466653945345
0.5377994671851025
0.8330765604799976
0.5209056717990928
0.660410380720378
0.5802155823168399
0.18628323735432994
0.44673160807501855
0.8283458265240025
0.3125377150458116
0.23862814268805344
0.7205557674202163
0.979087133922152
0.19503642263202403
0.4795019139672265
0.2724514027730994
0.2925202233962776
0.923747789087701
0.7819671014617363
0.732771233820864
0.8354682408859179
0.573374570470951
0.17589463337361966
0.41912485320161186
0.0033555025214858647
0.6609431056851843
0.5417475058584629
0.036635312621496996
0.8909025258435374
0.9099366445523231
0.09562606379684901
0.6902541616975792
0.6941617309835635
0.5612659681615235
0.07610879870054332
0.9690948255657368
0.7807105138310649
0.9999655024613456
0.6293433620325386
0.23096902136706932
0.38476168145183576
0.6883387179225847
0.8552320061563846
0.06156601522509342
0.3597857384516193
0.3562104760665027
0.9024208769755073
0.19413628360294777
0.02139663869428754
0.7257175611140022
0.6309836554232167
0.41435076769924994
0.46226260923651386
0.29711679473955976
0.11751940717261944
0.22545765967829212
0.7190002530454545
0.6993188423349526
0.8138143480702535
0.48114533133117676
0.0632201388868342
0.5770664580319911
0.7149861445116221
0.20351071242170127
0.9682261637772298
0.45128252928431856
0.15150873157140343
0.6938216956196277
0.9170318195462559
0.7393970526623205
0.6059272142990466
0.21667596719371218
0.38899279009469867
0.0961992933975716
0.02382494013660741
0.9777670562637242
0.9114218754349912
0.9691670617178386
0.48065172993820715
0.8881040164090808
0.9896048526161361
0.6394917269652479
0.29834818864483215
0.1681406283629321
0.5786688575489397
0.4014743031764857
0.46297445771427337
0.758483888353699
0.6374647561156206
0.42070732746897876
0.8561724351438973
0.20358851708690162
0.13586681761787545
0.27719169956477874
0.04542804772440545
0.9826860303163368
0.5194036490722739
0.9834954333112778
0.9112842782440811
0.07461930435285946
0.01652359442321405
0.024048219774148172
0.2700190271659708
0.6606869160569748
0.858512930441425
0.8238037208586546
0.6150319412837215
0.34417316139593523
0.6242902720453045
0.2819402217572803
0.11423930205666855
0.012498073285404088
0.4978967711317157
0.40609066158842977
0.2429430368172596
0.5786795532808601
0.182807449549656
0.4732107999533728
0.4135325128908215
0.6144932292657893
0.5217461223749237
0.14000543243227115
0.2501073632127149
0.2766165273163552
0.3377066154469851
0.3570270595941515
0.8903710474132265
0.9730804955612894
0.36656720714531943
0.5225567457827598
0.13236351481085462
0.41178470495144126
0.2387396974269207
0.15520053542014256
0.8101671657572483
0.07167966889602762
0.6196127491529502
0.15884962909292366
0.6125479043631067
0.2609750787607573
0.7684132159128764
0.6976655357482766
0.6243450278328571
0.29919081546418
0.6269401958588947
0.0035474109962428946
0.04805870537393864
0.7893638580202801
0.6639812251775187
0.6680676550884247
0.9156129758964646
0.3282890559971191
0.8193683378052581
0.6456376706279263
0.655984282949011
0.14461915657353697
0.19722900426429235
0.07710897793140492
0.5781930197904382
0.27590036191833744
0.03336557621064751
0.9150578763345906
0.06227399775170728
0.29563444886196166
0.49673040932211787
0.9021207336220651
0.1272117383755863
0.31194192977826385
0.13975813305327833
0.8850140277317523
0.48922155479882123
0.39475711668068436
0.5820606602959288
0.7724790429679724
0.08171567401887858
0.7857292225387509
0.14403952124001007
0.5280332575389264
0.042109745974853285
0.7135416978161909
0.6657561891003531
0.3268293873537673
0.4847527728845219
0.31667725697552884
0.6374633605427518
0.7211408335380615
0.06311705774811605
0.4344030096497682
0.6542354998508189
0.8144309823837076
0.23244512212134516
0.026145147436422378
0.1281737392104516
0.4863763752683812
0.1508622538935569
0.08792875023759594
0.7075407812042966
0.01461218811979259
0.15748012013737933
0.01676757285283459
0.7639930623783595
0.6943900632444112
0.608224995054792
0.7039377602134244
0.9540264426969475
0.3558261405166957
0.1897500714789745
0.7848387877664249
0.6036834905513968
0.5807676993921219
0.8823475004298685
0.2046094336209665
0.9014330845220642
0.9411733524911146
0.004227053979306672
0.03173637473379609
0.200208312575067
0.46356096625199905
0.9158352414710537
0.6430057829644111
0.32477715509973004
0.8533631593092477
0.19760490103692163
0.3081999871483426
0.9639700181292733
0.9755647338380159
0.2990174760393435
0.27979138152410643
0.6614394440754654
0.39197481165029535
0.25587435871067865
0.3032257410153846
0.20869871530279782
0.9227271867589908
0.90559978183542
0.2099952865245761
0.24562094619049057
0.8258158523199036
0.4240503181858417
0.7745298891854241
0.21670306080595836
0.3550547525135376
0.0821389681878748
0.19720572162640804
0.6959446026608885
0.8631296973489172
0.8141256048214802
0.16625449613321241
0.9907073382153218
0.14220900400760716
0.5888304785858196
0.6713999573236183
0.7742588404048434
0.09986274301139852
0.4320018582983912
0.9616062173148406
0.2525149108404803
0.13636641171506103
0.7705961115017566
0.3421761601427934
0.3335911668255771
0.7285086166628274
0.7261331319480285
0.08672735236152207
0.8078391051153465
0.4888341451581507
0.7431765866926144
0.6142446805866313
0.7452423488921089
0.5304915802337932
0.07322344414525184
0.3542848770486765
0.7147792639879567
0.9788173934746561
0.3743955868246732
0.45644186193251235
0.4532103961192536
0.892114291057213
0.8439708714932047
0.2741159941067153
0.9370559860683128
0.3985906366879116
0.2797382900764108
0.9617992117205341
0.8403499959416674
0.8304321112188701
0.33480675563016127
0.3366974148521261
0.09500464381797713
0.6548026276947589
0.9261494727684624
0.6629880087062245
0.7005538571458824
0.192908886637571
0.4265192719927928
0.31064910589339323
0.7282634218687538
0.27189516173005335
0.3954868704037243
0.42129179792368254
0.4168688174862337
0.14016108245511494
0.8174752200689293
0.7240781082856965
0.39052593956583814
0.32779922497029745
0.19994772130011484
0.4391130262922328
0.07376544056388268
0.8851843244655274
0.12227565697926979
0.3326879732273661
0.5730504948436602
0.10079260010590374
0.7754608254914628
0.5393978770353348
0.5579066729379238
0.9986282589475483
0.15557822918831687
0.04370130373515768
0.7693759546186704
0.4147628106098029
0.07804960397227334
0.43136594577787546
0.8066000652451888
0.22531071824680926
0.15077296185771738
0.6203667277975782
0.6590735666545862
0.09870075735788275
0.12654364327907464
0.1335391093561501
0.9501562607013293
0.028528543157139374
0.07567740000716539
0.43975884083697825
0.8040166329402151
0.2933440289119439
0.2709747156710427
0.3908046604640314
0.884858832777241
0.3064660202020201
0.5109625343541069
0.22485600829375318
0.05073691524044166
0.18922745898395932
0.9142336919624046
0.929775890227185
0.8796863127991648
0.14579003923066114
0.6282683209782659
0.4037121043908334
0.7207980185748496
0.7279309988278981
0.19707051595650216
0.4632414404245877
0.04853934239944324
0.38428618901492906
0.9126378920709041
0.7107861620981015
0.8103599202608154
0.18494245206538085
0.20490709081039782
0.043082348390482084
0.43989849398261927
0.46628248620826485
0.9141096830866003
0.11533068530563195
0.6235460608142979
0.5319088929625879
