0.4492570947335267
0.1803064282208383
0.5855628385677043
0.28051663661905335
0.5752281526922852
0.631864426795749
0.5057900656153448
0.03784958702680108
0.9017562034816601
0.6110641902276953
0.9090428011108271
0.31985736690707756
0.912229407800426
0.02175590948090944
0.7686100942541366
0.941503175573752
0.20006385424564166
0.9625134138672489
0.6545894296290727
0.21990768067204802
0.10056195017969916
0.37289642442727966
0.9967948665521498
0.5663706662492015
0.4244818071229943
0.06437598321804061
0.5107667905245458
0.6038312373520153
0.9084297446146272
0.7311095651300792
0.98130709958426
0.9464144502327937
0.22368366037235965
0.6872415233986651
0.9329627457356077
0.9883283480092742
0.28942715146886744
0.2052658230990303
0.8983001990637983
0.5924744415429247
0.2803147325086902
0.9046199537194597
0.9664642258162601
0.8216673900332139
0.0412956323242204
0.5563120565657105
0.2771829591993189
0.6872668624695136
0.42890429427341525
0.0037031643525551328
0.07538675111573367
0.13326772056439873
0.20172140850507814
0.42886389555119175
0.5810055403102723
0.3503575573332013
0.3872890737625351
0.7282861365150318
0.14911019997255437
0.4233409486477482
0.47047542721460045
0.5032812394785796
0.07420974232213984
0.05100799538162393
0.9884855888157776
0.8809478639409853
0.6409705462332215
0.5376049562937014
0.4488051864520818
0.2640386119345063
0.5638561864890226
0.12168275964124897
0.7217150943282336
0.5702623459356199
0.311264200522154
0.41292879796217474
0.7427751330453122
0.7145145241082227
0.6014231048993264
0.07540878071673851
0.5961614981673234
0.7615574747223629
0.15694612521516726
0.4669347911445799
0.38345128072767287
0.5234967444331435
0.8316707557106919
0.3036984793394425
0.577134362586549
0.3608523804829442
0.08737371866121113
0.36541581889430863
0.2638732868687488
0.7108554773854457
0.30073981375401504
0.5574830978478958
0.15095495951857396
0.424506386990831
0.17691344847339596
0.13130952466858647
0.3078580413500124
0.253922077899445
0.23704708374900052
0.28282186576707435
0.7903649640995183
0.31063874816942083
0.342283948843221
0.8385230261304348
0.6379689322242247
0.8177626299151687
0.07085612905674665
0.07379378321347174
0.39075118524321784
0.07453221415376698
0.05616878730422181
0.677224953379809
0.3611899898642009
0.7612451627874577
0.1514823127802556
0.4901999031520683
0.9046064988339082
0.900519144367806
0.3841090968696256
0.7177708618144845
0.24871261108214404
0.6467831714325533
0.4220419004899709
0.5967552844502557
0.9400478029860443
0.12102531452993404
0.954233262301889
0.4705273224183196
0.024313247934616533
0.4692152904945004
0.9270931951950624
0.33702735276407036
0.5291011379962557
0.8043342936145877
0.27125458279794845
0.2646405747573768
0.2030083781318638
0.3713460919700914
0.16701527253748427
0.5731988001483955
0.8916627047741713
0.7442335512202256
0.648302792224105
0.24184510331147635
0.06694976581452716
0.3874284233228884
0.2871922791426126
0.8010917529541064
0.9861715501032796
0.821986913780047
0.7939468420960437
0.8719121384493024
0.5367014808722519
0.825103314611316
0.36600172217210913
0.6416238367962643
0.21041322614577052
0.34762249451398886
0.2865763237174872
0.07198452757688678
0.37221956170587744
0.11784408217844489
0.09050322754144569
0.8274531474637582
0.9903920828228849
0.2066453861997889
0.04865833979938761
0.026499816694693923
0.6875101626703898
0.869251683436206
0.9093950052061724
0.6014783295735441
0.9165000183461257
0.2765124281826117
0.8413636328670512
0.02227867921717741
0.5901344624228873
0.0520772141135053
0.7072224643496704
0.7795683565511011
0.022357600924624688
0.40665612154833186
0.12164774892999874
0.9498546115288206
0.9583761931657707
0.5043922489127085
0.6639096336121264
0.5268688192901002
0.39958573469873415
0.7665389143187649
0.9029484084366413
0.8182263768208571
0.3183245177787566
0.9434102578590058
0.9107560335963495
0.07773729022601528
0.3337963214406421
0.06572436132256221
0.0006185092114041613
0.8242667142697547
0.16279101312351607
0.9829657900604132
0.7337693158708835
0.32800041550247006
0.40750318205707037
0.15353275181674986
0.13718542597459737
0.48664226272541344
0.46432975329817305
0.38194010582283866
0.33762444986211915
0.2825480300117066
0.7840652164341444
0.9738463010143816
0.346749930709742
0.13934133577765317
0.2992844149628756
0.8502214992443322
0.9111942003132244
0.18180204043518677
0.8868114876309287
0.8163337291434152
0.7000928378257868
0.26322532526210085
0.5984117615707207
0.91170675160698
0.8107365082211914
0.808518407779057
0.6759104137439882
0.32922468311650777
0.07850901824304712
0.3849523178489196
0.16682872437878993
0.857668559348093
0.5917823930124337
0.036084938982320236
0.6169929710760779
0.572879180141049
0.3684261698283017
0.28014419550246183
0.4985165922244349
0.8516425596777537
0.6332548903955068
0.39096740073256964
0.5174924967342277
0.5984576922969279
0.28857049316559613
0.8744433772801596
0.2104252775758757
0.13295108246476128
0.5900880490693918
0.07471384727563013
0.06506716551607639
0.3297519443212181
0.13289156653944456
0.20260568976690163
0.7865602245035345
0.12973443633848558
0.22276977486951477
0.7855853359756418
0.18825259305160624
0.5503057875354701
0.8242292302870764
0.9018414866876903
0.36957836944986966
0.6512586588691689
0.7817030625371054
0.051221978086164466
0.9430586277504545
0.05887357518041014
0.17985414801563948
0.2458185141928323
0.7977701534783685
0.06533310041131202
0.10814037664609866
0.46163333397919615
0.28743909239526266
0.7300054777715118
0.004627200288862987
0.08870596568498423
0.49718995093861074
0.043516113626996034
0.22294525075286986
0.01627071305231398
0.39725117853365544
0.7799133828867103
0.26038385462729363
0.8939070481699033
0.5722684403813642
0.4912777679303798
0.3181416909913052
0.9005495367596771
0.07410124923256656
0.01150072117058154
0.9674667628187843
0.020254601566356722
0.01763534028638314
0.887492344108406
0.692115074006479
0.8954732146514561
0.41704794815386836
0.009316205705121594
0.4849434219253662
0.9275450804455576
0.13398561924237418
0.5278607904433792
0.09430886052572474
0.26136128511184487
0.18405702549580139
0.7356295879300627
0.8188452292008822
0.6103171583115116
0.8997887426788391
0.8595342635920518
0.02350376841773627
0.2753048825318747
0.7005728953614195
0.1225425599435448
0.723335391673897
0.38441850611812256
0.8992588776561982
0.5808995260494534
0.18727651204450912
0.6838366555404032
0.6569520018850119
0.6914368899267171
0.5764403860281648
0.46814375887901505
0.5645609472719798
0.280404564085568
0.22442348961267256
0.8105507731632002
0.25546021445856104
0.8546043396861686
0.30661312425651166
0.8067669708256274
0.03560756113826968
0.36830493284340704
0.021974298295839634
0.5912141857329958
0.09031409824689729
0.9787691238681305
0.7541544861984665
0.6218521334720464
0.9710569686163797
0.4700527647730237
0.6278386938527302
0.3511411589041915
0.43134512612132114
0.4775365416987093
0.32161236771562196
0.8767278422984094
0.5491915216056837
0.7104252701321038
0.5688187633145175
0.27567532214530477
0.161954564026229
0.28359030205202884
0.5352321647432982
0.5374557655764416
0.3274578650369008
0.03317739864666713
0.763170855491197
0.4390058566911662
0.23045132786983036
0.01612439976573732
0.32707927749264853
0.20239784528800997
0.8354890416149315
0.020838160262509398
0.25866919670404287
0.6153134947309459
0.4720880351600081
0.5962589991045377
0.047369305749140556
0.9650249292842854
0.6012860646528565
0.6921077002297494
0.5908127414680178
0.2407747499060502
0.3801022882680304
0.6346016803426568
0.2129315532168774
0.4982377601022816
0.5915501192312937
0.48079478319410807
0.553654800163598
0.3162752977216241
0.09103218078641451
0.4004134313259966
0.5566033031773047
0.5731426676219273
0.37338345911276605
0.005627808940766754
0.07294395994665714
0.24190545753116244
0.8688407390055258
0.4260527619151626
0.3801573374828351
0.2526898334921578
0.7743005320583456
0.20409518898723789
0.41646378118315774
0.6316856884096806
0.49508845431702264
0.6554821854317168
0.9347526852664626
0.415176490517019
0.29966138582988855
0.07087468717070633
0.8274653710895521
0.6264057328471898
0.9810643823239392
0.7577503728136449
0.4517138150530423
0.31801787489219424
0.385234868101314
0.5869529123950594
0.5606929401159075
0.2887433544289437
0.250480882546246
0.6470916609969428
0.3124650218167695
0.4021501269319262
0.8581675345319564
0.5790733919471562
0.8530202943705322
0.5365028677134615
0.2399020535598574
0.3285420272794163
0.02934561466580654
0.2437589637085763
0.9204754602902973
0.11478433692761814
0.12101780574374021
0.7171700084168757
0.6843431313178451
0.9773228310668476
0.08873885060392783
0.9765603194267307
0.284328616297183
0.12525335268382742
0.16532279908274128
0.8051825924389904
0.6589669284526971
0.587781133671555
0.07562460017607908
0.02411655254165046
0.7718755460793996
0.1550524157195472
0.7593027000595602
0.3632134904596638
0.4641284376888468
0.16537195620532374
0.5432779030737275
0.7834058174289915
0.7877792491472928
0.554340386144465
0.8866993841893801
0.8602155822443115
0.013916704449192574
0.1121055428813027
0.23186051580346723
0.6337504423368336
0.38327318173845115
0.11259372978090199
0.8820184669686794
0.7136837469476303
0.5955033425267188
0.49302221505494925
0.4525916373337533
0.7848781618164609
0.6686295808905163
0.8858692268472118
0.26098681605944063
0.902251591599128
0.40515882227050026
0.7743587833593272
0.024834793471754657
0.7386029091928998
0.6301902912800827
0.005231770151388315
0.16156719241176387
0.4715044758885302
0.5564150887904168
0.1986163903038537
0.9008615524489856
0.675324476101978
0.857492539950403
0.457571903986846
0.8222357697311943
0.4610156939146043
0.7705177681175923
0.284594859320097
0.7058886548267035
0.987819336126661
0.19175454145532
0.5792619615954675
0.02536861053088013
0.5853859674284323
0.35537181718075517
0.4249493411698788
0.8795735732653485
0.8396856667601368
0.7640795164067253
0.5365257908397985
0.7449341484274081
0.2619711230019186
0.43473700575777474
0.2712297739689258
0.13675919150677296
0.16186659564848205
0.8312507660367633
0.3265400475061955
0.36797912786779075
0.9942443754000282
0.9260421954191576
0.3955905271440131
0.39610036868446186
0.43731304223042833
0.6041969535290034
0.11100520347252141
0.40261533441944175
0.8444334934549053
0.6782688190133215
0.05652419705159539
0.184352290360687
0.18265216795676986
0.30507104496914317
0.4636762460451588
0.06388851582887223
0.9532164620715062
0.9631527207273024
0.18041691353049283
0.21773043817204962
0.34400544753633844
0.12315743489193964
0.32914246904578026
0.22381173730681136
0.2753332884493953
0.004475123156171823
0.7544189093639625
0.6547693590528609
0.21527926913458573
0.15305542275709672
0.7933731090662313
0.3778962466235569
0.22698970337708424
0.900046366202333
0.8648609166397864
0.038334788188513436
0.7669543388338508
0.2029524604380437
0.06747787154229112
0.3804503119823561
0.8043277143049831
0.8324358911624653
0.18303585673020406
0.44091509049907696
0.8850620342766886
0.9060353814368759
0.6650432632763011
0.18659447803253815
0.490431943930169
0.054190141709223094
0.02695822467862019
0.4064467794346961
0.7604703987830495
0.9682844628462968
0.5234800385739777
0.31019282490494215
0.7530950170080492
0.21457839130488898
0.40559426662013265
0.903511468872425
0.21584690301325227
0.9672205294816845
0.3660397614945252
0.29592041794749424
0.994651327563789
0.0696571969426133
0.48696483779444344
0.6083440142053723
0.2927717328117245
0.037767877653820614
0.7273852934410957
0.14783845217879388
0.06618784272104716
0.9614438622565392
0.3603307647163848
0.1024081445218793
0.9361027357486532
0.9899616265696226
0.14230463286703532
0.8526160521828439
0.706745635612849
0.03602499413881999
0.05345552965098699
0.7804433997028823
0.7107961930710784
0.4979237051398945
0.8100622416012757
0.3380610526030592
0.1546961600500808
0.04242431569390048
0.4410660325146558
0.7635706698127341
0.7557859131162745
0.6295885439403915
0.1410481801876956
0.5754505172689649
0.7442147622633963
0.9668078800176633
0.4171332472487449
0.5339817355642434
0.1493941870712273
8.760923766149009e-05
0.5750863494293048
0.5754260364726124
0.06171260808370216
0.14129542861041455
0.881924269646492
0.26550182551411927
0.6616717913049402
0.8091055487258104
0.520406493657127
0.8402303077468842
0.3307934919541041
0.8845524610879669
0.9225562405552621
0.04894259529840017
0.22478818360066566
0.5492948462771305
0.3754558565559277
0.9518645129420696
0.4352809994876
0.7907584735872907
0.4373777110688414
0.3805991684872554
0.30147041353109916
0.8663824359192482
0.09260517573699012
0.05698261889637246
0.3539645494466048
0.7086332083777273
0.2801146121633612
0.7916870278342033
0.8950503371875602
0.09720235156622548
0.10255919045177464
0.7608512243499629
0.7005023061452657
0.8171106743097654
0.06720791675176496
0.11691485178349437
0.7819020156278457
0.4066171806134452
0.3102566326555227
0.43366581401425
0.4880045935063997
0.3079080715581002
0.012512281478079479
0.5056423132199469
0.5674634811879176
0.3190562665536687
0.14184960958412718
0.5920740683451441
0.4096170166177555
0.2787850329770397
0.5950257537206648
0.3272160184201687
0.6036537612342799
0.12996102926657727
0.6888301281133445
0.15103614561873635
0.04000623964606276
0.013915840457712991
0.08768471275349077
0.320698611027347
0.6184296295283715
0.4570511783087561
0.4340470998715079
0.4171912778712825
0.4875994162958227
0.633390533552299
0.2741683894757062
0.5462507267418598
0.9852984928025555
0.3784546461080901
0.8050149853771085
0.3178136196250584
0.18871895595581967
0.14815604408550453
0.07771381828194268
0.5714507182600986
0.9646112443598578
0.49760657732054936
0.956375297330237
0.9623714743347982
0.4985413660066177
0.24981671839228803
0.8035252924151861
0.8164854448478093
0.2042855409064257
0.8027423751949324
0.09769454103375286
0.2342060246723633
0.6556388802686736
0.9775777394996138
0.26074861346109857
0.2714979497911776
0.6790493946915889
0.24019481923668085
0.8406033212639301
0.5003336049091239
0.533573468246801
0.6325997848295689
0.1828644681827103
0.887467803871523
0.5404602737752277
0.623974404918962
0.22697797441065715
0.37939213459927235
0.6099238741917992
0.766614681878485
0.914234435841454
0.31476566597789724
0.42287216393351434
0.9732192253066057
0.7057168754596509
0.25805749295874336
0.73236303059146
0.49205849115275024
0.43802150154945196
0.462432100814537
0.576166679592645
0.48950470478286234
0.31118048241253515
0.5068101048993101
0.5572019299106608
0.2803947769532269
0.3792394373871978
0.2711312888931955
0.18041767324362168
0.5922414438432779
0.9775967754392308
0.8554445053288684
0.0753240137332053
0.20351264730512142
0.9355212871992845
0.26680641792023596
0.24906739172101378
0.5764882038532418
0.2970363497797125
0.09427015202808042
0.27898688693760876
0.03068298446121498
0.46929999035591885
0.6294058906150515
0.009861976698823938
0.707515742208761
0.21294569107213746
0.27758754902192684
0.9044654929694397
0.7786195533092773
0.3601749928846838
0.049302479232348095
0.8474618249364296
0.002857933972707949
0.036771454017280214
0.6135089814364477
0.6162525861686917
0.41981572223108066
0.9185217084071939
0.3597653402565053
0.12847522234845032
0.7427935217792896
0.6260210285752648
0.17261800673658823
0.7573926646095657
0.3193858831539693
0.3079403062843702
0.6221594251120931
0.004666491470179945
0.20043915215846697
0.6631655432369146
0.45635195866191025
0.2696207972484612
0.7464092903090532
0.2187317047312548
0.524386659222198
0.34585293969137787
0.5341229085794528
0.1682381550308485
0.1549012798774232
0.04462264068845678
0.5678975742466783
0.7946183857593514
0.09951668059493246
0.2599847591986869
0.6152885452209544
0.9553245391432663
0.4178545383565613
0.5412387599222362
0.40736625062548404
0.5267046362844702
0.2195658709293472
0.16385006139575498
0.037228996688376315
0.941804252826752
0.40011941994196176
0.7460790302674936
0.23273405979643902
0.8119767977307547
0.22272381757645865
0.553215235711845
0.1616516062509359
0.21813456375601536
0.8826084070045747
0.7103626120146084
0.4057929163985726
0.7246574260592712
0.49897673291316125
0.6272985765236485
0.4440836623132214
0.10800249995275701
0.38218197165406365
0.7374170688921944
0.7409905599588423
0.848231186456086
0.565043019798488
0.7375362023685091
0.7402943553405217
0.8271469581790876
0.7843851938066563
0.5851164117883416
0.003434095642140478
0.7887199550395215
0.9701873162970513
0.1511178097523106
0.43468298641613234
0.014555943502290059
0.45677589465248514
0.961862557151949
0.16376014239675685
0.7776927018182356
0.3347867012262308
0.7550642577610811
0.0898174089376923
0.5012403834447678
0.12461318988007641
0.49750126616377754
0.41705575557377716
0.4637142597612114
0.6709709361529039
0.8109110639498537
0.6728927762637503
0.06214211257246771
0.232060218204154
0.9945161740093601
0.4981874191448672
0.10984073476437906
0.23929551726900988
0.9745336749461193
0.7534574808237262
0.6588079804898025
0.20724058344174545
0.9622520260725002
0.49876511602558316
0.8469489437993128
0.4358641678901164
0.6724733484769129
0.537951886460143
0.2654099035665609
0.71144645230408
0.5588096293869698
0.10163409853165928
0.1802802066582052
0.2850167924263607
0.37945237210583715
0.3204966188960905
0.6200564533232432
0.8299669707851285
0.3601054335864433
0.6225659934536556
0.020756361135967683
0.6955183210249762
0.652412628302317
0.8800129950929048
0.06431203209083458
0.3151436073292311
0.35316681484193824
0.17983393671172332
0.07493568554681795
0.9219776315208795
0.8266399622365254
0.3893021095352538
0.8012284329374372
0.8332240578949104
0.054573539096063994
0.8495105271996778
0.609133524537189
0.8089369659136559
0.16220660878896387
0.4918431523496042
0.8622911749072991
0.6210695253438809
0.3662989928668249
0.6103025668494108
0.21678521324008304
0.41372036918261534
0.9168806719948231
0.7675744643221937
0.7646520093021615
0.04854479274552792
0.12864552791338257
0.8228121573069435
0.7361254123029013
0.8645645172221205
0.8370562940528067
0.7650046193880298
0.11777811312799846
0.9429699554503319
0.7734863370794685
0.9914164928864446
0.7067360611233526
0.8174995124638491
0.5053289313607149
0.1431903187447372
0.2584556435907098
0.048635544479947224
0.7371567875518699
0.34343739982275756
0.4700664376150936
0.20799251477039815
0.11954615990026385
0.13628640528754576
0.3591765866899782
0.10487930437015258
0.45546823803830294
0.868281915831976
0.6413223309378749
0.929802384176382
0.7140069769025701
0.5604051264208392
0.18142944464015998
0.23782762616642095
0.3276198439251222
0.7837715752818383
0.11640092733972651
0.4600272889189768
0.4054288100081036
0.4072958971140508
0.20383535162701338
0.6094164656592235
0.7477579727698924
0.4330206031061473
0.9447197493163021
0.7362881206135288
0.9153063690507162
0.00935173284698887
0.41728888356437044
0.9194772814813081
0.9015501293508222
0.08109609384200278
0.2518875978509958
0.3940316378452514
0.5248796629269824
0.2783440634187828
0.062187657038165645
0.29649406958071034
0.29920023475194135
0.9900850018798413
0.5486057067936582
0.007677775032864598
0.9283015778508897
0.5778852812122791
0.4701152062317393
0.5843872137031982
0.8059465006635907
0.585333630993832
0.9627991932900918
0.4081548768667058
0.32028286078201185
0.30980478140487955
0.17408449556005456
0.98450955065739
0.3819313173270492
0.1077980830935148
0.3060940693046976
0.773855097698937
0.939372442791654
0.19591700188517602
0.9965690179113489
0.20819805799406066
0.7392167207599217
0.7287010783952164
0.2477420823908053
0.3100391041753241
0.2656885470404685
0.662015265522382
0.6408322316930187
0.2970283416009074
0.33545330154509967
0.7290067163286136
0.16900373117551004
0.6661849726884387
0.3316326203372715
0.0992798596367569
0.9820905656237964
0.025227482160519843
0.768225873877804
0.5585777036053065
0.4677470556077701
0.25392327531580816
0.6844704936956296
0.9766085306731699
0.9126241398720777
0.7938245714477932
0.5985501578800033
0.523824772868634
0.5237810445303551
0.8334097967825406
0.9782986724269843
0.9310745880131076
0.4379766732598921
0.19963578164954154
0.9595883706439512
0.788067435389097
0.034399645963286596
0.7145821308148051
0.9297969125556691
0.7370063344213955
0.9954860242465948
0.9583078918508366
0.812346605531885
0.5745794412733375
0.5387145542011699
0.3819586106163554
0.7719634113082613
0.03311359565070415
0.32011113599091534
0.25695019736496294
0.9068716281789495
0.2779472329604973
0.9177037342603147
0.28690671249983424
0.8676012305517886
0.7693550811388898
0.26327994542456934
0.5932331389244292
0.05636961765008286
0.6689681812222383
0.6827931373423511
0.9989881691771176
0.9055309055990336
0.08236604827584115
0.2819955549048404
0.4968616596567347
0.7321995322347412
0.6987819114277427
0.8797310097210687
0.6913415371160357
0.07138292698987259
0.36946628227880474
0.02273821600712589
0.820424261360163
0.3016543162998513
0.3106088705970219
0.1774908500967851
0.5706885877382402
0.23748937706351947
0.0714433659803192
0.10225243721291444
0.726041739388008
0.9711289358619534
0.4663514887427884
0.4963073470224447
0.5452428452412115
0.18383558323810578
0.27587848812193183
0.37572155072129443
0.8490260032927588
0.789683389220382
0.8401695528340279
0.5645089043746687
0.5144653714908931
0.6406752579564394
0.8297772443156983
0.5733370584197265
0.055188723904699866
0.7579789928444822
0.5966014813404577
0.009700011883939319
0.788213240076537
0.3094069176570211
0.24432106633956163
0.836657851487864
0.39795515877536247
0.18788276894824196
0.8731958463466556
0.49009406136280986
0.5021856755392247
0.04046839331872354
0.8513163697870092
0.9303497161017669
0.2394635555075716
0.5112872222689862
0.061711583946058135
0.0040087538546031976
0.0385366422857768
0.2757206019527788
0.14326891969058353
0.06496205839798941
0.520855255059732
0.6721648530377913
0.7828506820555483
0.3683097494187537
0.8887401605774573
0.11806818603792502
0.9591886214390558
0.7802515570665107
0.9795430383072954
0.20364350202635484
0.8377047085043764
0.47760717054999546
0.5385133147719058
0.42765212670830954
0.5864422431818741
0.13172676681028073
0.8875361982418303
0.8317292872002358
0.761829753950095
0.4151901477244193
0.29100854603924853
0.8224977306863903
0.16765557213856475
0.3768266337285474
0.23153615976381192
0.9382265127219493
0.0214234397979135
0.1983392452088667
0.02829153944100049
0.8302603838994517
0.08987675294411801
0.21087797248542262
0.7685576190832067
0.7119301070716825
