0.16697446414585804
0.8007837600254593
0.6519299019206803
0.6928766721000909
0.5966528833835723
0.291010873615012
0.7560344010483168
0.1663991539293983
0.19934897488311532
0.3794958408135285
0.4957772440404774
0.0012152523299850948
0.007910417690046079
0.7785823721011542
0.2687579615911353
0.5207696331447498
0.6094577103690648
0.4144520876775939
0.9872159743079688
0.44986189561544776
0.6520060110828333
0.6301136408284262
0.5432483152247296
0.4316151431102927
0.5896141423426835
0.6611224268993168
0.7338882897664655
0.9200861719547168
0.5279178310101179
0.5323225031611567
0.9135459299906368
0.46761369093089056
0.2287491684072247
0.18633264654051374
0.3036196455204955
0.2554580557112398
0.2189741353727066
0.8755880712706312
0.16699974059138556
0.9295936996647228
0.9014412909773588
0.1481626236010981
0.20216414457928789
0.8320872430986457
0.18416943810766218
0.4263157118787668
0.9413107141913488
0.6127223613449734
0.6348478568720699
0.41814489654258713
0.9583756135006378
0.5076980880673141
0.15830788702933618
0.3476270270487881
0.4173238851096447
0.3219591356097281
0.7738119646638434
0.7909859191861849
0.5581049136867193
0.7517930249707413
0.9300205541966722
0.9809674592561749
0.7265920376890793
0.8439941954714486
0.04935494017729092
0.6445883551657648
0.4862381139102171
0.021385359339480048
0.854593650096897
0.6073585869339069
0.6070480678716306
0.6589031961350441
0.9013087816176765
0.6415511728928917
0.061815630688683565
0.7677786050569392
0.7713936765355893
0.2945722463198185
0.6916219222756943
0.33555511626725876
0.19472343129915493
0.270557317953669
0.7887112706328027
0.7766551716962428
0.6264183173086371
0.21726649155204059
0.03885082162144404
0.21785886942612132
0.31188377364374387
0.4882738009470021
0.6299601753001426
0.42885388669982893
0.3332367228242785
0.4330685065188755
0.0839343307087882
0.7073253455121629
0.5144131924952867
0.9591947097822117
0.04895402171156038
0.48777923779508026
0.7947094236308334
0.7567894145966882
0.32358082910113994
0.8892094276444928
0.37516730455520464
0.4916997253850873
0.9809989887374753
0.10518777384161526
0.391497714825095
0.6148455140416657
0.016602292806146224
0.5380453462585132
0.16886674902052112
0.14433845791076882
0.9936047512941227
0.3933181079478192
0.42771676416911186
0.6409928295715412
0.6823701666599258
0.9032583915913429
0.678290800279523
0.3567945401673315
0.567943436438004
0.4333025912612196
0.4493033244332516
0.2753440552800889
0.4822464808089776
0.49247846171006826
0.9856155777779358
0.8989743852989388
0.6430065965065951
0.737794071135612
0.1554153373389614
0.885555404043878
0.027643003841471114
0.24288064746796
0.27461552149994095
0.07352600319963631
0.5337811636773451
0.7964577645235689
0.473046899171658
0.8338875507987594
0.19298980941650656
0.3530292354356812
0.8233548406372404
0.24882628655806116
0.39112627636054775
0.24351937442214222
0.31533261431142146
0.6868842126575971
0.21042201219451684
0.13544167677557173
0.11148020604656728
0.47394584314529975
0.248810298674901
0.6420881877211451
0.8539382807905469
0.08224640188188181
0.8946923644683266
0.5065962046437098
0.12532320490039628
0.1347836350886652
0.9118014832458147
0.7721558141773864
0.40043361296433966
0.46056742547176033
0.8478772037232009
0.6008058121767195
0.16322495940945347
0.16654444309717853
0.42698869202666057
0.9956076624747409
0.2266783756603784
0.7778464137136099
0.11271241755520367
0.7050438195556602
0.6161704973981232
0.13933844681429386
0.7015677748766177
0.20085502740541616
0.9601437254297428
0.6961995725463356
0.008618124035698393
0.6350501434983128
0.38398624729963815
0.23316868881621888
0.8510581387834268
0.5548965481382682
0.8423595052252161
0.18222076397546128
0.44798614398916425
0.058022300475741084
0.23690968837220605
0.3857528229989049
0.3038788382275077
0.19600709985267295
0.23301379428747193
0.13562789435339917
0.9038930097808634
0.20636679350751597
0.8691188968094428
0.18701668849667852
0.5202349942947708
0.4407655572223157
0.4676912978585275
0.9299943638058522
0.9531421681674114
0.17841243851466393
0.8004440929840234
0.22959193149113066
0.09122192114694772
0.2618569916874175
0.619799343436927
0.795452961491356
0.3656466669227768
0.4351233909982093
0.5613248615278403
0.6641688521217636
0.762016788024132
0.765950396764054
0.781823777404754
0.8290942937014842
0.9152622647902308
0.9684747990500092
0.056187109751099196
0.20085522278151535
0.3781024745341889
0.6110888387094502
0.9257698155103662
0.21917535355370776
0.6123193131790875
0.13465098676607223
0.026022149733688993
0.08882806290730827
0.5971487259308966
0.32715897363150936
0.10921614902554899
0.947488375345643
0.5792339859961987
0.11524945929475061
0.033835353024928905
0.5481720148460835
0.4953629910788948
0.3574634525672581
0.7921287877012495
0.11621623039899054
0.05841173766203933
0.22192557065360718
0.34822556554424366
0.3881055316657037
0.2898643241582416
0.904577184119611
0.23483133094642394
0.46070892585347556
0.43042233405455566
0.41349515940255244
0.8652369094642535
0.8831245806810419
0.27181596130490504
0.21045272601073206
0.70856083014021
0.9605880611620197
0.5556307018409182
0.7132115261305382
0.08282903600937808
0.6702207667787278
0.43114797741533173
0.7155023540227593
0.4868843447844231
0.8906512655843234
0.779373378242956
0.4404817373104203
0.6852831364975387
0.591230248338078
0.909901456230742
0.18572436610388665
0.06208412583749756
0.6686948014507451
0.21197414664573289
0.598119518563101
0.10622492574622866
0.6627708688273076
0.50633230731782
0.25812095128852197
0.5750367155907158
0.1121328189817754
0.248426647440663
0.4524332136342001
0.8172770919894711
0.019055888805346144
0.012644667225403916
0.36572205668505764
0.9319156963088802
0.808791280110068
0.5946051001174216
0.2678481950968793
0.796593158918581
0.7513128278468124
0.39064259035526216
0.6015042813867258
0.8086884726620099
0.8741327960865146
0.34715227696563355
0.18444252343667422
0.5843398158051223
0.5004635079802726
0.2048077998864497
0.7034777283310979
0.19049332636656124
0.5385769656921854
0.8423154828372438
0.1278565518747392
0.972857031792406
0.3244933251744937
0.44872124842820604
0.5743592959905803
0.4652037820604943
0.8519909454815883
0.7158889158190989
0.6494762903307224
0.48708765160567025
0.4203798157996751
0.9522963634929784
0.2231369670775314
0.7244904254766663
0.6470967555458121
0.9913337074678052
0.47403100067872417
0.6554369847643899
0.22058798653813483
0.05827503301962722
0.4025470717785705
0.5527567982440941
0.020502630534598776
0.07202670827757818
0.05276129899855553
0.30057779728726264
0.3364549699386571
0.8132929266422975
0.8998402712478865
0.5336169257780264
0.09834309535674124
0.7174886558106879
0.23637732309536474
0.6749097849393428
0.5218095834614808
0.6305070948221083
0.08988889470461248
0.8901947656889863
0.9628335890317385
0.1585671579163248
0.46025853633739533
0.8233378913298941
0.5912399770058536
0.7499735604856245
0.2936780401758702
0.09358341351600485
0.42045547816363904
0.22998556624011623
0.9436002585552136
0.4396101624953127
0.4306455181332496
0.3467581308813842
0.3932090608861134
0.1907770422626779
0.345244516527045
0.7561510392453521
0.9360287712025687
0.1714889578940143
0.0915589927412378
0.9144606469966177
0.7912399967431623
0.08137119524457848
0.8685680598865301
0.7825323439419669
0.37333398023691033
0.8035829846237915
0.573762961784755
0.017573951071211624
0.40847606363093636
0.3556848423211021
0.39711301692961176
0.7966508026055333
0.005809657279686742
0.540273730362435
0.08621542554140293
0.927345275908309
0.9056768823434167
0.3414301015617437
0.3671788877218932
0.4370109267913025
0.9910591966954566
0.6538727182790276
0.42247508728661487
0.1416017355845467
0.32008020571400675
0.4215010744637546
0.20240045960743147
0.9296009818591204
0.021053099157586463
0.2888220891062905
0.5845726015443078
0.8770540369758767
0.920449367843695
0.7446699641020776
0.9677498164852271
0.45849138568346026
0.5096458258908388
0.9641692819224988
0.9344512039363273
0.10690362579389567
0.6503898143989109
0.9106810114328777
0.3556853031418833
0.13492817337117713
0.14084901045278053
0.07536456085836007
0.6187631838249149
0.35861834476639554
0.07664610531648952
0.5774313878188491
0.1072412919156025
0.2021706958868671
0.23676090165397778
0.5740284247616134
0.21685963684291087
0.41013936715645616
0.037848895247118985
0.786587396231403
0.020009307298042622
0.8932844502361573
0.24177402658218794
0.7978455966655116
0.18613568026478333
0.4075912123297055
0.9030944979804929
0.7068571984084073
0.9614247839886252
0.8606974547766777
0.3709049280798462
0.016767573178925077
0.6422458424175304
0.23468529378690306
0.4177266839432031
0.09124769337492211
0.09151913154151947
0.607501738938461
0.9658015677228172
0.2029367550743435
0.8777763033914658
0.598788935507859
0.18694575577750905
0.6753427220517288
0.099291229049839
0.25499917002179373
0.6636194732695914
0.6891679626918535
0.7721594167229611
0.21792371234947838
0.9229548715957501
0.21898955130219755
0.5747867448143306
0.8133899110332197
0.5787625093868178
0.0812354335040778
0.41128247457220246
0.1879094979116206
0.9057699117489982
0.2822170937368367
0.7301287400773918
0.8521173821006329
0.20641876817399862
0.9647880886902499
0.1636370417211701
0.5186548757155022
0.9532587348686061
0.5586773582309985
0.10793538862767016
0.09608912851045037
0.545753307450636
0.21474189392940723
0.36616408540273304
0.9824331818039307
0.15665731103379066
0.8994926077379959
0.3875342295324745
0.21134871315111348
0.7451004309612306
0.8926370403314009
0.8324371341405462
0.8486903071519296
0.9563694969923658
0.1442032143610461
0.5099276536433623
0.79662265402771
0.34623410065273386
0.882488732872246
0.359399201817583
0.2571640705224173
0.6842412256778583
0.6240358938054634
0.6316536794781157
0.464041165480632
0.6952389921236651
0.516867580300337
0.6285548889839208
0.9081867723859005
0.7161466877211877
0.6020387999780463
0.24479478009355848
0.7682026955589195
0.27697620527078226
0.21951983850777157
0.28586763183632014
0.9742842845791351
0.29657593070884924
0.35581545470835196
0.5874469326780162
0.22815966657642883
0.7731522368658946
0.47175810529335693
0.6104605032196575
0.787126289538134
0.8475108430253304
0.4654890838500445
0.08088535411480646
0.6956576487450266
0.6657735538984352
0.8524740747535523
0.7137413314923131
0.5030340881755723
0.33354983662771454
0.40639887068354497
0.5972248647539988
0.9280964695623881
0.38286200846111806
0.6775620073761298
0.5486750900072481
0.42925087755156344
0.0813113409252727
0.10964355766968603
0.11995862455814721
0.6645126723663516
0.6515314417652248
0.3907712114778743
0.10783236808987962
0.4084454728996698
0.9733559784149429
0.7959313996513917
0.7139699292534973
0.004959871480938904
0.5952540773458518
0.9747318339969309
0.4338947486950252
0.3545712386561488
0.34724471122905054
0.4730586217625071
0.4956402146492097
0.5441842041769341
0.6133300111660945
0.07202393478183833
0.46306306452334434
0.025774474523314717
0.7681908476534004
0.8370981528854541
0.9472985391702424
0.6291723239047652
0.7141193908941039
0.9231510433149408
0.2885043186696813
0.20898541459503084
0.20302779164800744
0.2762938592704245
0.7482259282134179
0.08290607507348413
0.3071550407432967
0.8075292296500578
0.5407536671727162
0.8056905324494155
0.7141505569593501
0.8059638430345097
0.1190660293042326
0.8252259278477385
0.4007764684070082
0.11605821942320793
0.5045080158109525
0.11887438248334703
0.5581412966575656
0.41149677464575285
0.5153210417824772
0.9098672621466147
0.8552484242588214
0.6983564120497494
0.5090858777265213
0.838701635517166
0.16950386593374922
0.9843334582632995
0.4721888794434467
0.37779013717086807
0.5209907800994431
0.55592125852955
0.33118412264954256
0.7878161627104922
0.7469995489888952
0.627668926277644
0.3240870618240528
0.8316687780017659
0.5280188823560439
0.14343511636950135
0.37849604082050947
0.304879267712048
0.08293596093866329
0.6241943146337129
0.5290260755182934
0.7603826617466499
0.10647737890609632
0.9993418170403237
0.3475414111337477
0.4845114047524638
0.31698804613523934
0.8821706218288579
0.7804792580202063
0.6070155093361365
0.6735728371814619
0.9963806159750079
0.21546494371416747
0.32245740742492757
0.30042750043366107
0.6254744620562582
0.687754224044311
0.7399469098736907
0.28577097246104743
0.5357969603843812
0.15370191041785786
0.8986685941908628
0.52707487901862
0.9181028761503233
0.21129563102061122
0.12141232761714904
0.3012120298533495
0.31331175970374037
0.07143442591399851
0.0006219183060991451
0.09400260811071559
0.7408783951561375
0.5980550459688936
0.2088610703844208
0.052191852764802316
0.1047838436259293
0.3843007874329313
0.48094334543991446
0.630085166009165
0.9445856380578079
0.033138812432249476
0.7196747474558843
0.04472743354815201
0.37970313675898315
0.1069845256173958
0.5481693715882473
0.5142264090978586
0.3256043652212488
0.5803142440020614
0.5896146609212719
0.600678814566064
0.3402834304337209
0.5753788732142192
0.8187372129787164
0.4487605196663519
0.15992695736288054
0.8174239602777936
0.7417477628701767
0.7945531323246742
0.8312025343979951
0.8753055959418466
0.6796465448663718
0.4549788129946679
0.3529264524418648
0.09621205291535861
0.2756915365216328
0.7579044597586894
0.983722116257018
0.17889634496861673
0.5393825939403252
0.7163741310670474
0.7480004293052348
0.947817182052311
0.7283460824446099
0.4797507990451205
0.43357192281802515
0.7590472515098378
0.9737168960738796
0.9500840054430361
0.46583996733972133
0.1445622121728075
0.8427820750173233
0.04420657561715857
0.44617265313719623
0.4333926337416326
0.39259325802504885
0.586489700986335
0.060306522660422246
0.7362665275014142
0.6414760491936159
0.7783025266562374
0.5689112777059885
0.5993215811562252
0.868342671237673
0.37877813448295705
0.5546540842215133
0.13006568254856465
0.6644602007483005
0.5997237487826189
0.13505446203742766
0.3542450398869308
0.9024243145459659
0.2650580221479335
0.0456037865076796
0.2205689477404127
0.01899923333639808
0.688395465901445
0.9460267519664246
0.3843103962903677
0.6444017761043132
0.34544032723392537
0.313176834635986
0.4910808164146385
0.4226071215326189
0.9403274154919282
0.9007902711214918
0.2808369832309163
0.2652819289155488
0.7256368374273804
0.4757857857514308
0.8827862383364936
0.39081091275611435
0.4919604509181491
0.4747381774720012
0.9415930871371744
0.3965732157156646
0.789821828524477
0.3260328917075608
0.8876761409790946
0.47077433627590803
0.04373735027831227
0.6986949074234509
0.20580997176210192
0.33401026213490603
0.10405306539650716
0.3243867982354779
0.4787433980918029
0.4580671530167304
0.07287435553091615
0.9312153231561457
0.13081168741415206
0.3631115217262596
0.31797323874147265
0.06175501580960896
0.9243558825451355
0.7637716349041381
0.12485048424861
0.7844804806907477
0.3653083172584417
0.47575260327034163
0.2082328809631494
0.2311608720105005
0.3352272864314525
0.9188516975816335
0.5727353548789156
0.3184686009965002
0.2236320890079887
0.9954556178106422
0.32568156714754326
0.10543008511930552
0.890036067992231
0.15064385092608512
0.8878705124864631
0.11904173919083705
0.30795249795239366
0.9141362378850681
0.3597564581442446
0.5750070295884304
0.7212109500204033
0.3655452758053169
0.1501380110317182
0.5028318484822156
0.5953469317505903
0.04625317689525421
0.4228573323455814
0.7854297272191544
0.07520042556403117
0.3885758076074567
0.31938201034938696
0.49688760288044287
0.6878602230116015
0.570257404710659
0.9595360113503851
0.9422281694803041
0.18177980301501784
0.7714552781038625
0.4380001814589962
0.005302716086546755
0.403684016842627
0.9500425923303815
0.46534778115896447
0.5395842073847682
0.6093124674388171
0.5629241385302785
0.03554236811145617
0.37242282538253213
0.12775278346739116
0.9114134568919168
0.5392650349195927
0.9886526595188327
0.834396984990667
0.8985447945711482
0.02747617020491344
0.5835422218282056
0.8098211667910642
0.9439699243894963
0.6766812550667964
0.5445131790700923
0.8969417472744907
0.9060299375511165
0.7087417200077298
0.5881578600294128
0.6762669122100268
0.12867238268190706
0.6435676381338296
0.38002907292479793
0.5620404712777775
0.25002044606115814
0.459725275134818
0.5282392109870914
0.3152379380048822
0.00037606601312412113
0.20415606031385314
0.1828500780936364
0.9944120550815067
0.23395878826973815
0.8374098364466037
0.5020616766406507
0.36292757947147025
0.5098357618802436
0.4504687288779444
0.37837834313215346
0.19037982813819687
0.8981108658314342
0.4266530092355879
0.31747359909496664
0.39985057328518403
0.9216946820080667
0.9769626649875917
0.10678043433303253
0.6769972588247083
0.37832215806544023
0.4231264297671251
0.052660194185505826
0.41826658249341775
0.1455617754362154
0.08305487119284538
0.07645162819668672
0.4688419078184436
0.8171788262719324
0.38623566262377973
0.7720520354007462
0.9325589316051357
0.25434814706831044
0.8292025221114923
0.2296943235435367
0.06523438562888573
0.5477030875989917
0.13390998263798248
0.1328737038952037
0.4119630926005733
0.6152335170453586
0.2450160508502247
0.811367173518513
0.4193150622238907
0.7592899963167264
0.9819093170638594
0.5884374818701755
0.49680632025456595
0.05073426295318606
0.021855621783334445
0.9355857095226334
0.6862693705596915
0.15653784039375962
0.8451627252920965
0.3223496499607217
0.5902212420493015
0.6302253007502236
0.14822239624893663
0.15944572741329055
0.3981673415714876
0.9115738775512057
0.7357487445731719
0.021848443917707572
0.9830327626940528
0.6645737362760267
0.14726047573740542
0.2172610881128031
0.17040941442985147
0.7514875681812262
0.1245442115366564
0.3259985823093613
0.9566545734142078
0.5193054679705346
0.481007042192405
0.8533788999230537
0.7986595983361919
0.369109682465966
0.46942737601379414
0.3000107371094549
0.9564658071578725
0.8398099950065826
0.3597630665973668
0.5859787065890425
0.5316565597496804
0.4558000433880335
0.7448150957116106
0.33689337097197314
0.0006759623512815338
0.5720722469728197
0.3876974904190541
0.9811790740683272
0.8803338361291733
0.1378457671417439
0.28338421606526776
0.43185387703807077
0.08928487002719543
0.9321696942410514
0.926221272572132
0.784604102902717
0.6905575979760291
0.7242970297888598
0.5560299299638252
0.04996403565128171
0.11864642325685493
0.23959163547582385
0.12222127056646093
0.9678921487638039
0.8621670463169214
0.4165935842726549
0.007621338158381841
0.9843138775875575
0.4573815995714643
0.16222399837621004
0.6344517802959856
0.370854822596309
0.6177392984444302
0.5107092608257262
0.002156846301732851
0.7977596596944698
0.5908461728232207
0.9427746416624244
0.31259741192422463
0.23149489143216084
0.21138243408056867
0.6501203725462632
0.8025809753727724
0.9444091558559361
0.845937164412854
0.8558832468287153
0.026944920261175453
0.825181822460136
0.7919617415057801
0.7539543374842409
0.8782239528873076
0.7939351000045798
0.006816252069414386
0.866247887745218
0.4712297279706026
0.6093549838002821
0.6540124901443469
0.3788248289318693
0.2522658428384277
0.11908921692576302
0.7997053760936739
0.25714649667836664
0.20223888547672242
0.15066669561340063
0.3135344492027409
0.03689479946370944
0.12828539790510096
0.9796793146029396
0.8482384851692854
0.11454955313035531
0.010914092742605574
0.9783879158262542
0.270123367407646
0.7991370798492751
0.039563989294331914
0.35330767145943354
0.9265427691346472
0.09852949237555353
0.354063894182323
0.9402790674366784
0.7973871783424658
0.739996555725129
0.6287207063161752
0.8375170052339156
0.8925808729107573
0.4935690507090892
0.3541548576448509
0.6949183805918426
0.8395566809590955
0.4539221469528596
0.18761401958309254
0.23325729543417084
0.7721947231286126
0.24838801330808902
0.32295599771276107
0.8273484312024476
0.11994854433473834
0.36917140041322827
0.8596590639563167
0.44156214788267856
0.41912875483727263
0.2123718431641518
0.8213239575827559
0.4579990325283305
0.6857764303739243
0.9224280064968754
0.10682364728802074
0.861750396719137
0.152227525253688
0.5805847086463959
0.41521142847610204
0.7364098056240227
0.021381596632033872
0.12263047495702262
0.18970985075991043
0.6591424333996819
0.08558800067300065
0.21262163250539867
0.5630277840025232
0.49948920162446964
0.9130729051525938
0.20047239011306517
0.7102195525961573
0.06184841108463013
0.1322302257525233
0.33977898814502117
0.8415687431228063
0.22855710274408403
0.7179018839314103
0.09468753532056629
0.4168626390561031
0.8619323081478609
0.19214096511120204
0.9930449769824643
0.2245323024177941
0.7925026023444551
0.7827526659778503
0.5865650062035104
0.987368791495748
0.7466075593938696
0.2870675603489041
0.9292425643439324
0.22379872057191985
0.7207491454878007
0.11177380594932329
0.49270685210191956
0.13392307618329846
0.819479067697185
0.2049833538397896
0.219527694468569
0.7796196288563526
0.08594979339109743
0.5673357249877271
0.07353842698443047
0.6094522373499013
0.08779443950858079
0.19268821949260018
0.04371201856857121
0.46053720967767586
0.7381224490741436
0.535190357198026
0.7798001891657795
0.3209927229595143
0.5995720712985677
0.11683231900866042
0.22680811173549464
0.3029882673520684
0.15130187022119457
0.8865361683398703
0.5087575736317441
0.9992858091625255
0.13557936311853402
0.6240987332677722
0.1815796373382278
0.8083272368826082
0.4276886511477268
0.3709808587911382
0.5703402029391468
0.9350613045094321
0.9351154172636718
0.4617492274253945
0.5738386407808074
0.22962140556445743
0.7256290210994976
0.27685025327431445
0.8491413774226372
0.7685812049250337
0.2238300951646226
0.5102922809815023
0.16773236256339608
0.5778347923089091
0.8256185192184916
0.8281458962208922
0.8236688220691084
0.9103974571366358
0.056021070580536625
0.2524263924524256
0.4620391064797802
0.05311318260869302
0.6867975101899799
0.5358899525079405
0.34601090260127
0.21494156716403878
0.4702917449058519
0.2176250353547784
0.9090026955504634
0.80738787662398
0.06078499863873055
0.666572037035941
0.5465739231750988
0.21493543394475667
0.08553259127572388
0.9507785353525471
0.42845963524070874
0.11568191011783668
0.3760298308592943
0.8513588655548903
0.3424303001185842
0.12047710118977173
0.7043522913707633
0.835686686392232
0.9395711426022797
0.8508414141343008
0.14174079266116613
0.6152473823325849
0.06469795905473108
0.4755129725589131
0.3684077646023093
0.48168888341771154
0.009841685793460231
0.2959025652344468
0.5750080607833423
0.7202686983927692
0.4649363571371782
0.6309437553890105
