0.5288895884707084
0.05393180298938893
0.917861679766696
0.134174301739454
0.3995430919660745
0.3279817562542844
0.39677974582076314
0.6229209768058454
0.7939158489146315
0.18978696367430548
0.953332687119716
0.7449389628542755
0.9222978930565525
0.3700982348129759
0.5182291339753783
0.24770888655276713
0.6465697431190094
0.7918749692324815
0.8855112540431552
0.6843919468047794
0.835557404827928
0.951489508892737
0.3126299562685779
0.9559182537334375
0.6791120552842789
0.18473017847633233
0.7913013876955427
0.8839557014197257
0.8470793697705369
0.7358945735300076
0.2830796723363497
0.28044750385529327
0.22705441412782257
0.2172009055836952
0.21101705568239315
0.013157414404085577
0.6125789123221519
0.8837268160247722
0.03414818379458984
0.2052227068147835
0.5584534037278314
0.852301097441466
0.8473965144809724
0.41262785404678415
0.4726555166274752
0.8756923622589828
0.9315720760502288
0.27010999307104466
0.7770075613992274
0.11439394936917957
0.040093648682934635
0.6426061272180906
0.3620995119460153
0.055702865722831896
0.7195864851723431
0.09286354723033696
0.6045236163325073
0.028373077405285163
0.5566446974375694
0.0850513198722509
0.46362457995533235
0.9277289792144954
0.17548173703292302
0.6752732200520976
0.1710881859671295
0.45131029278217405
0.6441784628101257
0.06526314356610785
0.019834384921634585
0.1934054755913991
0.22298716925365536
0.5419523543493423
0.38246357778132367
0.2679706182832746
0.4620390521990497
0.8173861154418253
0.9566765565190497
0.8557465628186844
0.07522891240226248
0.8406337377333193
0.2596600659993046
0.6517559169783371
0.1580598762491261
0.03017433847902551
0.023154826926626404
0.1626587885262586
0.2830433538241206
0.8391192244995594
0.035821315573286716
0.1576285091621039
0.5196538615277891
0.04721004275202212
0.6096183404749562
0.3250116573887083
0.22383368521569325
0.03621146384584406
0.49970915124547677
0.01433803959452018
0.9594759056946532
0.21639849253047916
0.9329929070654057
0.028718742071515146
0.2876741693650059
0.6561149171289088
0.3202434304394841
0.8842945276008988
0.5243916804476579
0.22679152126375735
0.6388188024213859
0.1805439474342625
0.4861846236877899
0.04963849662792519
0.060614613905521475
0.8151083642634439
0.10016431094430589
0.5509787187610892
0.556990703650821
0.9059810491859355
0.17827255044365686
0.7439639892328925
0.16360986815462875
0.8250054874463386
0.6072830805499335
0.23145361362051897
0.6695646078280206
0.16079578854523346
0.30631237308114234
0.953441450200629
0.8446943198380104
0.7646984230864091
0.5758142669160641
0.8824491186064372
0.9227846334207701
0.11783896859882437
0.7111223981181283
0.7217309406376614
0.8418532876682854
0.6690372622211077
0.5465542325066507
0.9694134328360049
0.5762246781350273
0.8402279962240962
0.4905880402774452
0.9426452815190536
0.12932912347094883
0.5312484903005426
0.6963433678563866
0.2875979384070373
0.17579375051381252
0.5241512366098945
0.5102919246601137
0.4440453362034763
0.8385958448077524
0.2977262244167326
0.016730132531696196
0.9791845835950104
0.66312999341097
0.961538704448636
0.34063843469546684
0.16748778176730406
0.2558280282216303
0.4833779665839083
0.9371275157313668
0.44879931388031047
0.10197695420856612
0.6197922351525168
0.19837031725800902
0.6571032042795681
0.7852862272562331
0.03300869169935561
0.2240145907809603
0.7358676579964373
0.3900486813587605
0.784876996552436
0.9066482033602126
0.08086258910668975
0.8980732194858266
0.5238230658981571
0.6548965784666282
0.353987478977156
0.22802855326875993
0.37911798201537794
0.8391431871900434
0.913713279389185
0.8446924863117509
0.509038060713701
0.16468262866731576
0.8027131027460874
0.29013674621907015
0.29776185596298443
0.3518109464561262
0.9767843169233357
0.22158441456054434
0.3261891804175028
0.9966890423333108
0.734741697043354
0.4699844961749824
0.974670838879678
0.08937280466164355
0.3504114134443391
0.04475710415923728
0.157126056725576
0.10056053865530568
0.49430767503850737
0.2158258750430634
0.23598829786662123
0.48602247044355873
0.6821595269449537
0.01296168432519218
0.821326723789082
0.3847919785964722
0.5002257648025957
0.5138995880388777
0.1699244058183209
0.9752719783355495
0.9299299364841268
0.18907080512712526
0.27484918177121176
0.040571546741958175
0.2716096277475578
0.5713087406187849
0.9938700906182075
0.28309930349840073
0.8188336273190603
0.20185763401084866
0.7805271234279811
0.5863233806014311
0.4542944428448372
0.05751331535521298
0.9831097033340398
0.6940361302626591
0.329454139558223
0.7123028639326081
0.021189926144326687
0.7014178472525308
0.8493740107125792
0.07172513568251537
0.864951197681592
0.24942019278924143
0.8098422079083092
0.09526210814417124
0.16820735817447297
0.9489024872466854
0.6714207674148919
0.0652244941998269
0.1145412153927523
0.9047052896749367
0.6959535588055131
0.6543092940243979
0.48032439642527835
0.6027240181005631
0.4361255040739431
0.5044642520514643
0.0010764557993474533
0.11588669109150929
0.5531568939780083
0.20862679241399118
0.7396070621243188
0.190109079056897
0.7585905378899277
0.18244505561997892
0.7157914746728724
0.4415923804915828
0.4302870673190633
0.9422023580938669
0.8225440292206461
0.23404170695768345
0.8861334650515962
0.7707803453659668
0.8736218365889042
0.23937564324035066
0.29781336484534404
0.25078908543602907
0.46317645278006614
0.7455133525759702
0.5398355700605472
0.2564475636973891
0.6823467629857042
0.5996996517885833
0.509657389085936
0.490822832240857
0.2713112473169783
0.7273006431856827
0.6530877536367188
0.40975900563882317
0.8567010320649909
0.6981920314080104
0.43092084879209314
0.5685232028244338
0.663348567155384
0.12838914303331206
0.5057736843178573
0.14094661907029327
0.8512035642035145
0.5002275432543962
0.5271005944906066
0.5683352325344553
0.6421436821218384
0.17331763696900992
0.5035094476821157
0.01114587202839834
0.6908230434258175
0.4993545478682955
0.01655128059006461
0.6925568340480467
0.05925247408622736
0.7813483183233123
0.6482236222126614
0.5188148188531094
0.7811905126157496
0.9720488900124035
0.2357855252646226
0.5967982134507888
0.432779326218223
0.5723396198281394
0.38295583454603455
0.46582945983578816
0.9655686426547164
0.6481379020030239
0.24800913232982902
0.5908419636439035
0.9342681832408976
0.7320120807670917
0.3269581969317401
0.8105431492742831
0.6202457669761301
0.7585710073309353
0.9808572825717297
0.06276531027621601
0.4531026314734744
0.6126318274493187
0.7985672854207911
0.908733328042213
0.149117703081041
0.15838682978108287
0.4669797118980239
0.15689700679884955
0.15342232426231683
0.7578032803746402
0.5902171274650282
0.27260020885636815
0.3683641496265655
0.7516273923305195
0.5783819170460119
0.09884659954122943
0.16278514253081156
0.3084387836953111
0.7048915081074111
0.6353207648745814
0.27629089265612716
0.9831763975691884
0.2603896217609015
0.8039220005979789
0.8562073166739659
0.5414929193433812
0.5173498594389114
0.44676669891556553
0.5697500068383
0.6872668044827196
0.9867493827117835
0.8961522121421207
0.8374521313997633
0.15349144163321016
0.07933256311062953
0.5688683844273634
0.9892394672421686
0.6556758562595103
0.2028763589733802
0.23406313250815725
0.29844426038764893
0.30578663674540085
0.07589868040623837
0.20306705235703604
0.1633912159386952
0.38059809051105065
0.11712178674571261
0.7593915758800666
0.8322260293853898
0.5476491217098225
0.5987910293672741
0.674514022504283
0.12273768033147148
0.7325052978822826
0.9499654985914932
0.30631580124827484
0.79692334903234
0.45612641304308665
0.42966976431699844
0.4922355778239458
0.6862559022574765
0.24850208047442812
0.3227175633077015
0.0776311316035807
0.5718264164763638
0.7892823437035461
0.6942718295961205
0.10294521562472259
0.9118154517528547
0.6422264303374488
0.7054128383791707
0.760831912579816
0.924298979934715
0.7937990629478473
0.8488787285243317
0.9552857841942336
0.05083817125449641
0.8883967920396078
0.5927127747100054
0.8807819493507366
0.03292403992554971
0.3740090707443383
0.9958095029295456
0.8892254175964988
0.6570145699990472
0.6390202679949267
0.03759007690580174
0.8568603510471995
0.1339977288822325
0.7794164079843389
0.7138941240070966
0.6435657465471692
0.6874709540600424
0.3391332507339302
0.13892727780004377
0.5868646327567686
0.07860934374545858
0.13677711566052242
0.2705721677147802
0.8071092021195289
0.263202585383842
0.334311665613657
0.4659118297134097
0.27800411788402557
0.9275080611540044
0.8064324358307713
0.9677898518003404
0.05442095826558935
0.9660942961366423
0.4620936408801788
0.7704838708257322
0.09521548521261003
0.4281112502777713
0.9658236257776965
0.32065851499412357
0.8227120099648672
0.022774519028431195
0.4340917694682205
0.1771672663314512
0.33391757164419955
0.6569828687643431
0.42147627006296406
0.9128877427538638
0.8034804196213721
0.14943856804589506
0.32624927842483165
0.057821400469090345
0.9561515713431511
0.5726905937610047
0.7201459923765685
0.9859616966349072
0.7403209250944645
0.3821660254248832
0.023014291892150096
0.6657487419473032
0.4572630147760096
0.9921528828489152
0.3042531942810699
0.4501830242963334
0.27051494308055823
0.3623447644075609
0.5516845598001395
0.6522872638709577
0.4128817878920199
0.29704556176096997
0.21612672720475512
0.7579019470207682
0.6090896664702703
0.5375890500106605
0.5298869290804933
0.5076263466869475
0.5262500863382981
0.3763392653717852
0.5558293344594656
0.7292804953023228
0.7573630122796157
0.7641509800399503
0.6486872862231771
0.8285008605690496
0.026888352736093468
0.21874081085925123
0.6447568666050716
0.3907725670192719
0.7966540470269663
0.6943036394252811
0.3843152830238906
0.691335600004957
0.8503487704932995
0.29172506934638
0.30469810979646794
0.4811794465679944
0.3026615134763917
0.08950339490970471
0.4743389030534916
0.4326233379705904
0.8793942287799157
0.6130552548783069
0.615243542216755
0.5575441972418467
0.49286786039449115
0.7623306784143292
0.5191712215944805
0.36678413808953214
0.2978923117330188
0.39442979050731586
0.999844781456521
0.6464655100850928
0.008685146763322549
0.7632708725116528
0.44900301159265765
0.9839019073205606
0.4602694990633831
0.12393493235026776
0.14090980479231885
0.031125633793909868
0.002078324185766145
0.1313562406011466
0.8183646120957274
0.5590269026938577
0.896467109746761
0.6616728345981948
0.730102043221718
0.4220871453675866
0.7766144541093335
0.06629029385373286
0.918449838321134
0.1247036097935843
0.5335882609546702
0.230703806166059
0.6517600832077244
0.8318043242026704
0.5081731720872507
0.5476766806406861
0.14240939007907827
0.13759409180363724
0.4796835612838022
0.38772341892498763
0.6520438786169521
0.3394965324413304
0.6328946004354832
0.6888513139395154
0.43281585603292627
0.3492547238819951
0.9861906756019826
0.8638253733970345
0.6345876468511937
0.6270132281980474
0.8502630252164153
0.6632941139502827
0.4748844811324495
0.6059846163299517
0.3232710088482966
0.31844598080307895
0.037063848179081815
0.9661179212634835
0.7475072202027011
0.34200540172216964
0.5524762153740883
0.06846467270881917
0.03764227284638122
0.5716955052751451
0.05837837499733067
0.9688220736875772
0.636114708398314
0.7547606330033034
0.1836179432271956
0.7889223603698979
0.4693264045417077
0.24554566209714768
0.4398119852249538
0.07622143813162274
0.03687399206530584
0.27973175095362046
0.8578743235954102
0.9642185807724405
0.2991817895809995
0.33454450345423903
0.21418446583767514
0.4916696706260829
0.005492343529766797
0.501406940519432
0.812917475718559
0.8675535339607765
0.2941762079935276
0.023063709463851834
0.7118104555639538
0.8357267090548651
0.03680568596820022
0.5795205505437449
0.650809779935172
0.03859365404796722
0.7167243163846816
0.40888340540854784
0.254528787227256
0.24390520100751012
0.5877186117558881
0.7125649924476329
0.4958018470605704
0.7674958165278436
0.24926319317201684
0.8255459765317902
0.771463855491256
0.6177342350026269
0.12127758580620351
0.09522138313591322
0.5637374840835394
0.9330195532081186
0.5774987072963723
0.5318081315682186
0.16182355818464844
0.1345418761465348
0.026282671432353744
0.7676215046967193
0.4567969340188758
0.2599574296694679
0.9943794440415861
0.022776623286473008
0.8306345304068969
0.49189761860335635
0.7121118798993603
0.41313604273252624
0.13140916210216025
0.33218577585302433
0.04629524850462763
0.9921883401091666
0.9601949613707861
0.693485294270014
0.5227466980411465
0.3054681717330202
0.7425487589292774
0.7675275699906828
0.8164524505575631
0.3021254483924365
0.3952651743332798
0.03656538300389445
0.3827073913320591
0.7809968434758917
0.6000994079920933
0.14977735458316188
0.7107215226814025
0.5406834404020725
0.9507825493542568
0.7393878763906843
0.2028047199817239
0.6549766970953599
0.16786421978185384
0.3827100364119409
0.4121314325223089
0.09150903624458906
0.2250327378279703
0.8433197775440324
0.781955824448163
0.2454393733522432
0.6342216766414769
0.659234756328735
0.28816621272673293
0.2849536818953332
0.5486880739078349
0.9435086835139153
0.8270726899019798
0.7021108983168028
0.7482825297635513
0.19089313660357743
0.34158661887901853
0.6035493595557342
0.7983977708016967
0.5371597795677728
0.35479366799682166
0.19145026283734523
0.02066580204651436
0.95966277022429
0.6391853955777129
0.11065058401873706
0.3205617407628234
0.37626569041495694
0.07772243751356811
0.8116634366043834
0.3810179322201537
0.837046476590468
0.882524165772396
0.2456962417165106
0.11879579365381632
0.18863842990502544
0.7949581486499697
0.6567307984210418
0.9273535366892219
0.132735776525422
0.8008214806544918
0.05285801812221125
0.6850826813359053
0.3643255151698678
0.8614164090919295
0.2911737891605285
0.26563048023754643
0.9747093773449448
0.12730054183557082
0.495810658843554
0.30665253274509674
0.9229064845526995
0.15092174231160949
0.8033895414789354
0.22542082372974137
0.9183615109643454
0.3789304157093252
0.2403015629390859
0.5037886078321488
0.6767421397138383
0.06435486109340216
0.2649060126466706
0.6565364528092656
0.750452398488608
0.11091431837347099
0.7019659890941453
0.38977603027255125
0.3008190926897809
0.566830584167145
0.6821419713823899
0.288341993848768
0.07243669836370381
0.441183257230659
0.2837589756313533
0.09086548774158465
0.7060674522835831
0.49923080757774985
0.58759591216258
0.19648388846505283
0.06729224512157417
0.633460131454883
0.3380168099112212
0.9530689837274946
0.8559675061017251
0.11743977701139452
0.11825493494162198
0.8123020376346266
0.309885181057716
0.9856760314040218
0.2162551622262665
0.18701171538970351
0.4586693323237385
0.28058722342029696
0.9426694058788497
0.46202716688814294
0.6673507632883237
0.5727838367207968
0.876136098295199
0.6221334309302718
0.05068716313021504
0.9936884207222622
0.9355311248362412
0.6539465500822834
0.4587772500440117
0.8429798236642757
0.8239465628732806
0.3205493904607213
0.19939092919658308
0.029172952533865093
0.024101362277813343
0.04908135611577169
0.2946801607865772
0.08956178940890336
0.16250618222854252
0.07413641569151375
0.34098638060018294
0.9059570688555775
0.02643581038723286
0.11444098551677173
0.9001114296495928
0.08485517052892311
0.22073542217506925
0.25356211588795874
0.9579369817856921
0.5786274274101907
0.8745577737040889
0.7172653334605466
0.4622005328148975
0.16692343952000244
0.47909432820090725
0.33958961927962195
0.4197844176831601
0.81371676264567
0.5532683919249815
0.17165417347599754
0.6874622849541884
0.7613718573119466
0.2794442325797837
0.020912866077848036
0.804963577367976
0.5204980860327735
0.7275485972269006
0.7074797766037224
0.07625221091229895
0.2180328985382637
0.26722876617913605
0.16453175911408213
0.426625429529049
0.8241053666263803
0.5808751467983881
0.9966444974785141
0.33905689431481567
0.4582524941415371
0.963364687378503
0.10909747415646265
0.09006335544767685
0.904373936203151
0.30974583830242075
0.3058382690164365
0.4387340318384765
0.9238912012994567
0.030905174434263216
0.21928948616893507
3.4497538654365556e-05
0.3706566379674614
0.7690309786329307
0.6152383185481642
0.3116612820774153
0.14476799384361538
0.9384339847749066
0.6402142615483807
0.6437895239334973
0.09757912302449268
0.8058637163970522
0.9786033613057125
0.2742824388859978
0.36901634457678334
0.5856492323007501
0.5377373907634861
0.7028832052604402
0.8824805928273806
0.7745423403217079
0.28099974695454555
0.30068115766504744
0.18618565192974645
0.5188546686688232
0.9367798611131658
0.4229335419680089
0.2850138554883779
0.7964892875782987
0.03177383622277019
0.5487174707156814
0.8484912684285966
0.3061783043803723
0.0829681804537441
0.2606029473376795
0.3940727857009534
0.7833240328062878
0.6110072099053013
0.9038007066024284
0.9761750598633926
0.022232943736275823
0.0885781245650088
0.030832938282161382
0.5193482700617928
0.11189598359091923
0.010395147383863934
0.3605082730347521
0.7016518113551679
0.8318593716370679
0.4213311424510603
0.5985256968235143
0.5370255422857266
0.24151611164630105
0.3625352438843794
0.5792926725310212
0.1438275648561027
0.7964114829130984
0.8641331823821246
0.7228083004352213
0.9545719522755945
0.017313969683663166
0.4805963509277261
0.016504566688722244
0.08871572175591891
0.9253806956471405
0.983476405576786
0.9759517802258518
0.7299809728340292
0.3393130839430252
0.14148706955857504
0.1761962791413454
0.3849680587162785
0.6558268386040648
0.3757097279546955
0.7180597782427197
0.8857606979433315
0.9875019267145959
0.5021032288682843
0.5939093384115702
0.7570569631827404
0.42132044671913993
0.817192550450344
0.5267892000466272
0.5864674871091785
0.3855067707342107
0.4782538776250763
0.8599945675677289
0.7498926367872851
0.7233834726836448
0.6622933845530149
0.6429729404058485
0.10962895258677352
0.026919504438710606
0.6334327928546806
0.4774432542172402
0.8676364851891454
0.5882152950485587
0.7612603025730793
0.8447994645798574
0.18983283424275166
0.9283203311039724
0.38038725084704983
0.8411503709070763
0.3874520956368933
0.7390249212392427
0.23158678408712363
0.3023344642517234
0.37565497216714294
0.70080918453582
0.3730598041411053
0.9964525890037571
0.9519412946260614
0.21063614197971992
0.3360187748224813
0.3319323449115753
0.08438702410353538
0.6717109440028809
0.18063166219474192
0.3543623293720737
0.344015717050989
0.855380843426463
0.8027709957357076
0.9228910220685951
0.42180698020956175
0.7240996380816626
0.9666344237893525
0.08494212366540943
0.9377260022482927
0.7043655511380383
0.5032695906778821
0.09787926637793487
0.8727882616244137
0.6880580702217362
0.8602418669467217
0.1149859722682477
0.5107784452011788
0.6052428833193156
0.41793933970407116
0.22752095703202757
0.9182843259811214
0.21427077746124912
0.8559604787599899
0.4719667424610736
0.9578902540251467
0.2864583021838091
0.33424381089964694
0.6731706126462327
0.5152472271154781
0.6833227430244712
0.36253663945724823
0.27885916646193853
0.936882942251884
0.5655969903502318
0.34576450014918114
0.1855690176162924
0.7675548778786548
0.9738548525635776
0.8718262607895484
0.5136236247316188
0.8491377461064431
0.9120712497624041
0.29245921879570336
0.9853878118802074
0.8425198798626207
0.9832324271471654
0.2360069376216405
0.3056099367555888
0.391775004945208
0.29606223978657564
0.045973557303052526
0.6441738594833043
0.8102499285210255
0.2151612122335751
0.3963165094486032
0.4192323006078781
0.11765249957013146
0.7953905663790335
0.09856691547793583
0.058826647508885443
0.9957729460206933
0.9682636252662039
0.799791687424933
0.536439033748001
0.08416475852894634
0.35699421703558887
0.67522284490027
0.14663684069075233
0.8023950989630784
0.6918000128516574
0.0360299818707267
0.024435266161984104
0.7009825239606565
0.7202086184758936
0.3385605559245346
0.6080251883497046
0.7441256412893213
0.6967742589846154
0.7913012846972022
0.07727281324100921
0.09440021816458
0.7900047134754239
0.7543790538095094
0.17418414768009638
0.5759496818141583
0.2254701108145759
0.7832969391940416
0.6449452474864624
0.9178610318121252
0.802794278373592
0.30405539733911147
0.1368703026510828
0.18587439517851978
0.8337455038667876
0.009292661784678247
0.8577909959923928
0.4111695214141804
0.32860004267638165
0.22574115959515662
0.9001372569886015
0.5679981417016088
0.03839378268515936
0.7474850891595197
0.863633588284939
0.22940388849824345
0.6578238398572066
0.6664088331744229
0.2714913833371726
0.27386686805197147
0.9132726476384779
0.1921608948846535
0.5111658548418493
0.25682341330738556
0.3857553194133687
0.25475765110789106
0.46950841976620683
0.9267765558547482
0.6457151229513235
0.28522073601204334
0.021182606525343872
0.6256044131753268
0.5435581380674877
0.5467896038807464
0.10788570894278704
0.1560291285067953
0.7258840058932847
0.06294401393168725
0.6014093633120884
0.7202617099235892
0.038200788279465936
0.15965000405833263
0.16956788878112994
0.6651932443698387
0.6633025851478739
0.9049953561820229
0.34519737230524106
0.07385052723153762
0.33701199129377546
0.29944614285411764
0.807091113362429
0.5734807280072072
0.6893508941066068
0.2717365781312462
0.7281048382699467
0.6045131295962757
0.5787082020763175
0.5831311825137663
0.8598389175448851
0.18252477993107075
0.2759218917143035
0.6094740604341619
0.6722007750297025
0.8000522786998852
0.5608869737077672
0.9262345594361173
0.11481567553447258
0.8777243430207302
0.6673120267726339
0.4269495051563398
0.8992073998940963
0.22453917450853722
0.4606021229646652
0.44209332706207616
0.001371741052451747
0.8444217708116831
0.9562986962648423
0.23062404538132963
0.5852371893901971
0.9219503960277267
0.5686340542221245
0.1933999347548112
0.7746892817531907
0.8492270381422826
0.3796332722024218
0.34092643334541384
0.9012992426421172
0.8734563567209254
0.8664608906438499
0.0498437392986707
0.9714714568428606
0.9243225999928346
0.5602411591630218
0.19598336705978492
0.7066559710880561
0.7290252843289573
0.6091953395359686
0.11514116722275902
0.6935339797979799
0.4890374656458931
0.7751439917062468
0.9492630847595583
0.8107725410160407
0.08576630803759544
0.07022410977281501
0.12031368720083524
0.8542099607693389
0.3717316790217341
0.5962878956091666
0.2792019814251504
0.27206900117210187
0.8029294840434978
0.5367585595754123
0.9514606576005568
0.6157138109850709
0.08736210792909593
0.2892138379018985
0.18964007973918462
0.8150575479346192
0.7950929091896022
0.9569176516095179
0.5601015060173807
0.5337175137917352
0.08589031691339966
0.884669314694368
0.37645393918570214
0.4680911070374121
