0.417168163360948
0.4014353016981461
0.5615310833108001
0.5341776874988583
0.5560880891762573
0.7974693826558402
0.7466505080166065
0.8827123534225378
0.8189854871188571
0.1101625511542379
0.5284291011620083
0.47247943019858274
0.5935069498312768
0.696241991350173
0.18759981957381888
0.6533283431339052
0.5508984008660904
0.2567076978300492
0.7697448145193925
0.14771283823721293
0.6683879978838835
0.8312427888483561
0.0026360262622567854
0.7777695172957401
0.3082037688473255
0.9890050403639918
0.7994244406717511
0.9673398823426095
0.7614556434473283
0.43757490559228795
0.4067608231512414
0.7006950718416408
0.08321189926848149
0.7606683615139401
0.8364517164440386
0.4755755830163798
0.5677317216371633
0.9573447887233749
0.2939369206742569
0.7524267262532712
0.46309674800568734
0.3291908513138122
0.5780368764580519
0.5558954122002367
0.28092100103429196
0.7578992404884681
0.5267816255056463
0.29115510117146914
0.6201898235733577
0.2647492336717109
0.5724845495389566
0.012127873875640072
0.8460538819253626
0.25078305659754685
0.9243775340145872
0.29407373074100585
0.9565796392442578
0.5262466305510641
0.21497283989988103
0.5874854194607071
0.89065516602461
0.10157760552012096
0.41639542189137124
0.19126480039010718
0.2675718519666366
0.616005923836879
0.27410276935647226
0.7734533519965874
0.47782423937363494
0.7528932983731942
0.564542730368907
0.36907586927451186
0.936851798170044
0.7642745362016834
0.8062121967175693
0.9578759395164302
0.3630520459541222
0.2361910802277143
0.44318657120118843
0.10020040940562613
0.5486232296756887
0.19058766216142908
0.9354859345547494
0.14033258420496963
0.4731578664081826
0.4606492685306973
0.2323759665229237
0.3592122112620477
0.8377656309711252
0.32553100670013235
0.9799692833361782
0.9110518065035678
0.8032001942141652
0.5526534945359066
0.8777487988886843
0.9132993527395781
0.8439767554425701
0.9932079147048594
0.1504505028100761
0.5263847390923999
0.3056541947672994
0.9869546749470348
0.8497058518508773
0.707373381863374
0.4074717141307156
0.5150604998705783
0.9898521225260968
0.6675888826256522
0.020971482483782777
0.28700216044223315
0.6767093228394098
0.2514700370168337
0.260754903661815
0.9559101055668103
0.966148589270355
0.9368928587085026
0.5266121056546744
0.3332104739723075
0.4123900857618017
0.7544851998357792
0.04651009093888925
0.6527734335873429
0.671875154507102
0.8438000858710717
0.6647015290345987
0.6051814706499996
0.6103119823102864
0.1612167469769188
0.42842070514960495
0.2316968900178591
0.5445948409859033
0.31064815825978886
0.7162661704958959
0.1394434305029616
0.799855062006095
0.14145617557130485
0.8780534911248312
0.5642815821592185
0.779948428957679
0.23884622261236832
0.2845945381866042
0.8976759542979604
0.26419331418730796
0.979460154862891
0.7035279335297526
0.6400176661498306
0.7293567915706516
0.9467342174895973
0.46392507203297273
0.31523342197975257
0.8590846035637982
0.6078332014450772
0.5287352156983526
0.8954408815409586
0.4669016385213629
0.20484081209507565
0.06341545784994096
0.047274898660654596
0.889899556146095
0.2170064761876943
0.6360785259850964
0.043355227939717134
0.7929599095950026
0.9711283356796595
0.8283355755594045
0.7539202334506405
0.12072975697153865
0.5667526008676878
0.3033092316423015
0.7579744478543704
0.49414665524976675
0.47918122252675477
0.8905335054978624
0.15325728250530235
0.7618468889643005
0.5531802055971827
0.17209348737573804
0.5201380336898819
0.8394160154225478
0.7473025399936606
0.33482306477387713
0.18393727611272292
0.034128392458970036
0.7765646478820302
0.8539253077822504
0.8162902109873282
0.3942948851300748
0.3733877988816845
0.7287684153114456
0.5498630056317036
0.7578096667939466
0.6890959615991062
0.25343483615314943
0.7721532751345256
0.3098267703222155
0.6722822642718761
0.4367728563968043
0.4727211016986007
0.3862085097080814
0.4199804988629482
0.19155288251936964
0.5973392105053913
0.38408663444283153
0.4418000298549217
0.9724708696099008
0.6842335819136982
0.08043938261975725
0.5229844639765694
0.7244849199174019
0.8286245612165782
0.9969684080427201
0.03299574758556545
0.4273808837027121
0.443185906870288
0.9110661833589139
0.6604466796840723
0.6669329015371923
0.9449818039302837
0.15726015344529343
0.29473822802617267
0.17391257365117996
0.4601153872413064
0.8575745638827051
0.8190914745022779
0.8346725879311558
0.6861950307658456
0.2826625380248844
0.017133169514280566
0.4160664238982351
0.9156124898487313
0.5368140890381007
0.8544099711394886
0.21569653917750664
0.7339750283832098
0.8080756455673146
0.9726434475206986
0.4489296020021941
0.2995985148295124
0.11576790663092051
0.3783285301859852
0.4781836860326768
0.7520918692751494
0.7062252167315742
0.6545607102128446
0.5970165495793623
0.8904682548299934
0.7959488170985278
0.7663132613021617
0.6741832698944153
0.43628994405839316
0.49561142463479435
0.8852557911894827
0.31205426388349744
0.4447207094981396
0.09548498983170384
0.48525970712472366
0.5175799164931355
0.44630497991625573
0.40419110633663013
0.009089997015389706
0.22811406909924703
0.8648471225097342
0.21683677112365995
0.7536930028705875
0.8613727868361092
0.38785009858561603
0.5110125908908887
0.5865133147012022
0.3211022370992892
0.4986301136685203
0.14976082300996618
0.21227680331609167
0.57395736812711
0.49618329213086254
0.6896570231093109
0.45012585275205785
0.06129710196085736
0.8834826057208095
0.14878352034214493
0.30459548087299737
0.10201056028296562
0.7491968477834362
0.33387614955291667
0.9993832254867943
0.3400113287913977
0.23771649150246377
0.14776142380083612
0.529055499370434
0.9907075483002721
0.5030995044829287
0.06948785297941684
0.14072896910421007
0.0932083221782144
0.9116601172840084
0.36446103698868115
0.19675022592451563
0.7008635074181409
0.30093883544147293
0.25201553732125626
0.5455914052517301
0.657436851175534
0.05979046516340403
0.4293924454703918
0.33001113308830043
0.47596026257399837
0.8340353784719794
0.8898213442848236
0.06176312644037141
0.7949259478637438
0.17252230048603023
0.5420777830832388
0.8153068188228606
0.37123300704028983
0.7326149315624157
0.2582248986169786
0.3808864011894485
0.6762716277356632
0.802813325578503
0.9040639450450002
0.6039285010368705
0.9962668451814536
0.04213941125359444
0.24290149686098306
0.9738721073296386
0.21282213101901937
0.4552393622837758
0.3852056084419446
0.02224309122715018
0.6909994580040387
0.5055803773099972
0.5657109997743501
0.7018021292483098
0.6398176833457866
0.6804327190305365
0.14135282409065653
0.46475117183931225
0.19503703109972415
0.17262236185672852
0.7671493077842786
0.7405824527756378
0.14668176484584317
0.5070813300489989
0.1749195769642452
0.9817643828222901
0.5509119534576198
0.7640902552929197
0.9238658291574537
0.43531878638611987
0.924938351610194
0.7478196206956085
0.32631501428200504
0.4837993825050909
0.29350203224779026
0.014933801943214586
0.5867219588555689
0.7233726666700697
0.5870871188395589
0.4810467593507317
0.9484852895799579
0.8888150241837591
0.8607511311279047
0.5105747781148359
0.263741298537703
0.28754988431760187
0.41127132143482537
0.1773567412821152
0.4219768823137343
0.3573266890413702
0.11482600446820757
0.5119778793308668
0.49832249387585603
0.45018906051773444
0.062397199270704085
0.5643673630923596
0.9665880986883532
0.8050992097972655
0.27156601216917475
0.9998531967576353
0.6209864559527206
0.16420996175201286
0.47329720798131325
0.13119535079277245
0.12810451226548414
0.8105137492201588
0.9737802017131902
0.21143782154164936
0.7114150246819083
0.5599027175524479
0.4440728296376256
0.20633426889578288
0.20100429030948042
0.44711897219026986
0.0018015532871359374
0.7199872229153198
0.5347984448351368
0.07514507490830613
0.43458082200136017
0.645434076762179
0.4031853793463094
0.5615641350619837
0.013518345604790816
0.4168456377166705
0.9302398645962309
0.08030348128948717
0.2282718326104648
0.8130577263824366
0.34707367808884004
0.11397713132905829
0.11308864111487393
0.039298482963018744
0.07221743756584609
0.4111755467877204
0.7325491393442362
0.8135677913449982
0.1439760743123536
0.24159133113193498
0.5855116711516642
0.8094621228882799
0.4537600191371204
0.41405563154425873
0.18354320670361968
0.15325979232779685
0.30258969899592403
0.2753777882290529
0.8845046365128437
0.26601990832578326
0.04330861494648719
0.9834307391674747
0.31887335789223703
0.3650033679593372
0.15576183742466654
0.5999229499391221
0.5924630805269189
0.95365180701596
0.7015768963766328
0.4254102143676881
0.007560374385539248
0.5393539403759382
0.07936342043142663
0.18579309204867156
0.7019456320735367
0.7265139324169144
0.17967020715684268
0.8844652647834728
0.9206607477986871
0.851871943514277
0.07633789519907541
0.478155157793024
0.9407647609991491
0.16004925988735452
0.7639747164234693
0.5546444876198757
0.6479632512923779
0.7120882448401477
0.7299817433274736
0.03530001472607336
0.9461597765754406
0.6550798213830932
0.10082751349616037
0.3289792726034959
0.30733525877949
0.19663067050182992
0.5161551711734924
0.26852248894198705
0.6376694045430056
0.849530444091144
0.8151743740192876
0.6020272010542299
0.3332269356950265
0.20738164067959508
0.7259071785088648
0.9259829188447567
0.7389091128927713
0.3904907490709829
0.3681487300542077
0.27435225769383875
0.32049164270149655
0.9420753834860882
0.40765764896469925
0.619655471997802
0.15523096923878776
0.337307893366963
0.6888389751152382
0.6920089044545945
0.3696169192805657
0.5817359248371574
0.20294761835500819
0.5899186776751661
0.2867434470823981
0.07595976925514836
0.6945575145037494
0.14988405727401855
0.8414823314267187
0.6007226436303159
0.5159106986560361
0.5321941071102039
0.580161183979657
0.1300287902082916
0.09348298650683362
0.74174900405391
0.2590447726065165
0.6209546932932475
0.511910236948054
0.5191204856070495
0.9622572990005973
0.29529774722140967
0.1923390521714209
0.8468417326595143
0.07027196839642014
0.72801667025744
0.6818873049591442
0.29169744669618813
0.28194918459028695
0.6670675706008116
0.2643780997788451
0.20062678947934598
0.042682077623160564
0.2481887173677939
0.7744511654104496
0.9644408543894727
0.38256784298742574
0.3238987404040149
0.7800201784784415
0.5148223890864336
0.6188003846240225
0.9311565141943382
0.4448072327339452
0.6257885377388033
0.7639958392495276
0.6747748168023313
0.12306139521101211
0.8349817459873258
0.5818006194253602
0.1323609716780314
0.926264623090804
0.17237145109519425
0.10619739823841656
0.4375688554201258
0.057194543854370616
0.29836715237504774
0.8547440239663323
0.8882385767651293
0.7808661329208564
0.5316915590435805
0.7950440728907142
0.404047741133164
0.49077608250895133
0.1209113536896087
0.10665711511203957
0.9042548473892033
0.8871544994977281
0.758789066268927
0.9785889968177599
0.27058481248979604
0.8771912286988287
0.9191287628024968
0.10968135924527977
0.8334603179293197
0.11462404053817798
0.23664399450419782
0.08042111369324167
0.4507547818490396
0.6634760124108613
0.5092659322710438
0.41109198917819534
0.4491825065612366
0.7716907332372585
0.5474712408538726
0.24510286988079166
0.4445621969331569
0.8568248726510896
0.47241247573133793
0.6708794539449575
0.29446731132819026
0.624527843805862
0.4533378858845053
0.21396394494106563
0.3160555050416618
0.27811584282853996
0.7590153183859895
0.9301826577985118
0.7086435191332876
0.4973687429390059
0.750512290769911
0.6239594682587771
0.5419009804421323
0.05093941250872214
0.1700621602197755
0.19044673726808614
0.14209915461995093
0.3250189799412855
0.4864186607652222
0.725982285312825
0.09583705383440977
0.7322769664746732
0.9664441220080268
0.5678356561995215
0.007966393120460102
0.4310452058984735
0.4247802718469629
0.6006092626116735
0.06022119088563482
0.5677564515157484
0.6960661362169893
0.6021261220520996
0.6398880921448139
0.7108441616757412
0.9437655825142564
0.9897133211345839
0.4186331417888459
0.309237858657036
0.8207933601851906
0.6737379560035368
0.49191037556597605
0.4837102184365424
0.2343417789257789
0.7315837175283992
0.20903881038737337
0.17146132719602147
0.6125303999142763
0.903579624723942
0.6898139353533553
0.9967492452871668
0.3079840409761606
0.2060821416995291
0.9157518658437959
0.07007216965283847
0.26604546304330146
0.6377632456477011
0.17024628951275977
0.4579142385141248
0.47799320253311384
0.8474451771274683
0.7617259808549712
0.7135502499908178
0.6411717543008096
0.7245436126526091
0.7380376410515642
0.05455756872955353
0.9667349420038737
0.5969676850278495
0.3687233851752133
0.8117590922691805
0.46474341040573397
0.17069737234742133
0.7536507673344522
0.9881983155713436
0.5738530902561162
0.8440534763694234
0.9469258473938873
0.9906116100632736
0.5608383145953719
0.6457237137464625
0.20597940899283618
0.43687075077598747
0.19601416052104315
0.34664278256079717
0.9543266806427272
0.16614754924810682
0.6684082276647728
0.3133209107965633
0.0003000413048748207
0.2968862062265595
0.39541429952658
0.7149527709356974
0.3806646854849872
0.8266835281452968
0.4883204196455354
0.8756124211161509
0.8533307433849617
0.6619460927641501
0.45667574025911706
0.5229948260437588
0.6373683382886247
0.860423757654743
0.46816119192427186
0.11167418169403864
0.24342188694835631
0.7864750000021791
0.2713107480108726
0.7859455733452282
0.7850952501117169
0.37279105328428375
0.32922078081203343
0.798411392170844
0.6934052411731804
0.378079031453881
0.7758528259454825
0.510244478006936
0.4065344915466961
0.5682373855756122
0.5399541621792269
0.3583527061626727
0.2724855667649284
0.16382177995876301
0.4548603800625767
0.06013722322366022
0.4375360299060762
0.35839082601689376
0.3667281667903014
0.2730054072045164
0.31682270713209215
0.09493745819211452
0.12091075338296986
0.7437679685873386
0.52479756972902
0.15864485232565428
0.9334675081511578
0.38291703232529006
0.9386475370304734
0.6132568776232408
0.9803190025530931
0.40485952438824835
0.49747397933032567
0.5318834738778293
0.6356639734259414
0.062038030724992366
0.6947988424779987
0.36276454929726654
0.41638526710951185
0.7544376861378234
0.6132548027758242
0.42419277101875064
0.614154382034335
0.26197860084136193
0.3665931129885378
0.6131033205975558
0.49847870861633703
0.7589860004533233
0.5119734025673941
0.8212097288310927
0.00917514669275854
0.19848044504950346
0.7196600562747172
0.915696541514733
0.9384401400106899
0.17152088337503635
0.03587227688951278
0.5565113114377284
0.39334666265727714
0.9711950350863093
0.8205705422803469
0.8619158176751386
0.24561189580673692
0.7328055176175037
0.18126728223351674
0.9773183191801278
0.21897294339755202
0.6262112181928824
0.9202307506810501
0.1852795222775394
0.11121233644265016
0.6645403248247422
0.15683077946362878
0.37120436070889173
0.8485548026550668
0.22518963436971173
0.31578825566613256
0.7597507057479964
0.3922399856312705
0.4052925383140368
0.8131448860359572
0.8789170773920546
0.17628966397044254
0.5638568096946779
0.01316853886559477
0.5792056816446932
0.49382294106064595
0.3299777484622234
0.9284293484182038
0.03236154153099302
0.03759099911510433
0.43960804153911637
0.9239785063092715
0.9950160783141274
0.5207520478111239
0.5904467369476848
0.3790979818924769
0.7782179593486985
0.7300369805342449
0.25495942474678523
0.980191690126067
0.9658348752532996
0.44087682938290196
0.3448188172148302
0.02058844380555258
0.5993519912862453
0.4647571508161329
0.9773862744180394
0.7317738260949784
0.8605453132764473
0.8297404155415602
0.6650811809383353
0.969918863357357
0.03205531955079499
0.4040961370672016
0.12374690183807391
0.3519849906772903
0.14468458326252098
0.03536446983500974
0.943255670923439
0.10117393450736101
0.20845718743498975
0.973480501039138
0.35404518970953924
0.4102663874161413
0.8199068851016491
0.3847147615637737
0.06561439743372566
0.9060860060724271
0.9808021401602486
0.19527625791896996
0.18044459840527172
0.42681371622481945
0.24148698341995067
0.4335102198142101
0.5205086270793383
0.06338660344187286
0.514253831525756
0.9219930240872123
0.2375533650661269
0.9918473106893843
0.22521548032827998
0.3040832646239022
0.9335349717202096
0.993746626928342
0.9302965841459915
0.060998363038586856
0.12002602682020702
0.684121810407735
0.04103978315400236
0.032568415491859404
0.9867947725899553
0.7075306990096148
0.6943328582620139
0.14594328376075982
0.8174979356865518
0.8999539587475633
0.9067006679294616
0.17201054844241714
0.12760687320806496
0.13034718934620693
0.08845103298268586
0.9130538373653014
0.45693216823606986
0.7380223693921389
0.6226801337194324
0.3032994570032922
0.8007564978554766
0.5770082152118802
0.9373182894176711
0.08971878554526813
0.035079731637374656
0.5727460844852488
0.4156452584913125
0.8088320264950551
0.26196554355603907
0.09736744760999505
0.554750563412611
0.9016865439937456
0.00023687997286103712
0.5815900557554152
0.21483220913162548
0.30973231041103166
0.8689816648827426
0.3643829114973345
0.6929990938373733
0.5235061810725263
0.521186027232164
0.7807522377367497
0.3638324900936106
0.9918930400510388
0.45099374040834284
0.10902300785660035
0.4302177287328153
0.7634250042131654
0.12125186318431158
0.48026488859530914
0.39775539180962494
0.27058910000398306
0.2761057146113409
0.832972307242858
0.6633329988352147
0.3042287030829358
0.3989646480689377
0.828135576491244
0.3710619630304437
0.3905857874247469
0.1921301050094968
0.027180759186307468
0.6321575350959242
0.12718532604133714
0.5293893532183884
0.35891446057556986
0.20557243342635512
0.7987298926442155
0.33690489399440804
0.5242622557089147
0.30520244540337216
0.7331880503723709
0.20440413754075015
0.3286246482370552
0.8958621967189144
0.26975532438243865
0.3746479048411109
0.6782038237317184
0.42463150618368917
0.036002279920950286
0.18674517823725334
0.11549904213881657
0.525137211203406
0.8616595405278005
0.36023292262043494
0.12397992123224244
0.6855148951278232
0.0628455879593609
0.6113568390850163
0.2749007451176354
0.94324725447714
0.3598818197762238
0.7514744262379759
0.634015370595696
0.5706278754941825
0.9714618154301713
0.9993345779251958
0.25432070086678316
0.8452331872842619
0.2911852905484008
0.4047551469345132
0.9881960045986339
0.2421058235355411
0.20843789058324957
0.015862981694015343
0.4401135408422969
0.4431142464313508
0.07436925853846132
0.7329563340473579
0.4345477611034003
0.17388493194638033
0.5906824438309874
0.10194249794209986
0.5757596856148541
0.16066177292158346
0.8262077090500172
0.3427065755675959
0.7019448725778468
0.007161896671996182
0.7610043835893331
0.5164296358301567
0.1105937170908935
0.6033682414530559
0.6156102666475959
0.6682400027289391
0.6465610121241836
0.5328216027454069
0.3183071789849169
0.8335045504182926
0.8403722466543209
0.39418662631199064
0.21625332201373015
0.722351225872182
0.4156088998495615
0.43015797373431053
0.3100038376234423
0.5267577578409264
0.38076202126617853
0.2594554534876894
0.04944054319544
0.5707532948719553
0.6900080639246935
0.27854442651616984
0.5421143854352712
0.8996308105576654
0.3636004517677056
0.47247090539984404
0.6384050153955821
0.7075288623102044
0.2542219858279001
0.7014955834664839
0.6664938808696098
0.8743337447508907
0.20564069983037803
0.004792902863626436
0.09219009848839321
0.3688424604879412
0.21173520427658032
0.4867688992650716
0.5730391129383229
0.849255068816619
0.9554486280196138
0.758606444888415
0.6143638315291402
0.3388475558182916
0.8586401086575034
0.5758114373222867
0.8693479861850553
0.9288300619029731
0.8272317320958978
0.7680898854924689
0.9706581692787534
0.12753662296417445
0.40713129749313093
0.5660497977774883
0.13410142214709952
0.7867153797135252
0.6363805631960647
0.3352352791268062
0.06332224567176847
0.015770889147203593
0.8609412971034593
0.48461092449087095
0.7609147612480217
0.2915318092742164
0.44940712114716985
0.7091025748313435
0.7283461899866148
0.416613097145465
0.02723259877274875
0.36748993018959086
0.4163069583739226
0.4310644292880913
0.9303923705591018
0.7738970895659594
0.781347948556704
0.9412503831345286
0.7170739223485652
0.681688884297259
0.8980127637115429
0.4686613437420024
0.573984446578504
0.08655691817891609
0.0031879918343488134
0.09357720270290126
0.7337192016966873
0.6780389664242154
0.3406266412083153
0.77827285283945
0.04409540620121066
0.6106880434394425
0.6271041849122796
0.9026100067147057
0.8604292859894025
0.4097284618586994
0.02582310482966388
0.3350505749026472
0.6781480120536245
0.8442412495846261
0.37361459690831833
0.25565202268118736
0.713220451937746
0.7497221338009311
0.06890460620257877
0.14876431684217128
0.746999987284804
0.09812481172022625
0.5510452307239236
0.6963722009797906
0.4057946958061658
0.24778929083151446
0.47801586840897203
0.35497294876303953
0.3806456305042041
0.2884728131577754
0.476235074412354
0.08788884580813716
0.8692015705895025
0.7774518538464023
0.8959769606411301
0.6447875161655368
0.6868243089633507
0.4475673985521379
0.8529487466789368
0.5903993205817031
0.5357328500971522
0.10909758694665106
0.1787552985772377
0.31505555538755525
0.1070814597541947
0.8256213047131213
0.9693738909372843
0.339981106465959
0.05034007306418675
0.6375610514951902
0.32111506416149127
0.4896816228520835
0.7581375335656341
0.4723156196342655
0.9656849890651124
0.24880658437737435
0.7437287184363479
0.3614747478397401
0.21550970235377365
0.6185706405630009
0.5124804148487737
0.09975411146047675
0.3903934582327293
0.6678794761763697
0.8425745439420484
0.42385830075254527
0.6395195232610124
0.8218879477336574
0.7716873374552233
0.7725018819291826
0.4813998090218785
0.11021561203486441
0.8002902761325392
0.2276358032468042
0.6736698304968194
0.9687580591791303
0.6562904063880196
0.6907421387204278
0.6659268691535357
0.6349708050700789
0.5668676796660151
0.23953743459003363
0.39905007148967164
0.5652313293151426
0.8377867064382755
0.9941132046269943
0.7121062229799551
0.8562864122683587
0.7685910897801065
0.7266971312869852
0.9361254359784111
0.2757462318035806
0.6227514295615095
0.8749080863219167
0.3394907717242198
0.5339696565374789
0.21452121978515482
0.8404828229050728
0.9919019611534564
0.03279827723411455
0.4928353329679419
0.7200965693594226
0.45299121683342813
0.3726805629453881
0.9586544050929847
0.25139008930890194
0.9435091204020003
0.2668950450747133
0.5792109466841195
0.581591384175089
0.7784425083695096
0.467734319112028
0.524234528351173
0.5344091872156564
0.4768853449523486
0.685180934825218
0.5408954201615234
0.05345839168513089
0.2700848738670286
