0.6817478958872145
0.8079632425860603
0.1173163201574684
0.5536612033018297
0.04089747997684423
0.6872703950350203
0.5214277039789695
0.8707058529952924
0.16381093708976802
0.8553946914155429
0.31338259191023266
0.43646097595206634
0.4656255999807417
0.15832984854300225
0.4797096495395735
0.26880655512185725
0.10732712675191036
0.15229201818057359
0.5819534611192557
0.06490731964768393
0.7350434466096561
0.6880750247316074
0.8699765409048396
0.9549583680953309
0.9277078012253509
0.037765303912920545
0.7175282662438326
0.8759529385549997
0.5854518654088324
0.019828639757133337
0.858713341004454
0.5352786126865449
0.23179134089784026
0.07110287512479252
0.5454438190387664
0.28731045078031836
0.06030239507806279
0.5181329392994979
0.792634509394003
0.39829873504239866
0.624030840550933
0.06280574762846924
0.48390000454419146
0.6527540850974549
0.21417144056801019
0.024554967634298097
0.974817979408875
0.6904800089701877
0.09760771613825381
0.42892310145774937
0.13538793172397923
0.40101961814611875
0.886803180015963
0.7965064467726392
0.8803665233576945
0.9504156304942102
0.25611021548687907
0.8398537668410109
0.09506503295297242
0.32082204139225146
0.046890466062248226
0.8908394134631943
0.4635962702728116
0.44838874514322
0.008808929989671421
0.22521716456705865
0.8362656632446296
0.5991756837390544
0.1175997910731521
0.8838009572518288
0.20327341178638314
0.5760911332605756
0.8750584323938171
0.9390634903782649
0.20605725233940186
0.599590057557928
0.656260114131691
0.6377195032670514
0.8856561125960658
0.004969097669278777
0.47583834332474506
0.815759515090904
0.7920374164414036
0.7295232389187972
0.6528273439767291
0.5304381044829877
0.45068741902575604
0.44262932752536355
0.4965211394138187
0.31110385006138364
0.7860770432030897
0.2538304030496872
0.9679803584766411
0.014142817715723455
0.6246057997384225
0.09838251940099918
0.13172495964595
0.4884015036729098
0.05282178571298923
0.398735958268989
0.9316783013052063
0.3916880287954836
0.8798030768607755
0.28037491693882166
0.8161900547649462
0.49060526777708213
0.6934492072020381
0.6096805406811694
0.5967827855815542
0.3617249254142507
0.17891151000247374
0.9416778454522455
0.8517803491117387
0.33092389027454383
0.9691600363841257
0.43575806257565874
0.699074188287333
0.1143155187204532
0.9682992134260682
0.06069707159684745
0.6414020651048656
0.008272784053332871
0.40191305722207027
0.07328980531506724
0.9235123031262576
0.30370009283074817
0.9138703023821161
0.005813075922616706
0.8878020791415757
0.47788785692452906
0.5929094461552493
0.6704188012158327
0.13459623544628407
0.9645199546948297
0.2721241288843792
0.6778627440918241
0.9209145411171907
0.5950607461092973
0.5766654766859327
0.9052148751525323
0.918492828554104
0.1535361055779969
0.6884744585751417
0.622735694169691
0.9927397981086533
0.1026727155934275
0.12426755555072766
0.20975590190906312
0.8693702645840624
0.03801168835554947
0.9106207955467925
0.4660398712881909
0.5881930510109807
0.26401118845085647
0.8810207265049911
0.7019717806427012
0.776790066018838
0.332758874451467
0.14047086930235542
0.8366042473347781
0.27900091632323654
0.3901302868761499
0.5771327995365712
0.21049968687889165
0.33388313660531
0.38388239732173424
0.4647991911254964
0.9946317414495547
0.9827855710827897
0.20409966767405152
0.33307963863826295
0.15280855206823651
0.984030422758211
0.5293746336254802
0.1245354687069059
0.012679345700053246
0.8633613075006903
0.6490173172836761
0.559924268784543
0.07035916543609977
0.7031812530252874
0.8432254170685499
0.21779338873711152
0.4085433039068944
0.9928688738928859
0.42450484466719607
0.8537488358375198
0.5613070618764185
0.8426319428983927
0.26132058839775796
0.42352615286032325
0.912094776808424
0.17181042321856488
0.5647964802482506
0.4029311383130908
0.7832057357416907
0.3521657563661931
0.4989946320173352
0.6796051713777812
0.662641793754053
0.07471825196554882
0.6586196151010112
0.16359016873529086
0.860753215713464
0.11783397999930212
0.956840244376477
0.8338382727926915
0.6573209385891653
0.10817768504242764
0.09336456300568696
0.8731260060419572
0.6948280314910404
0.0620032675574983
0.43985467746862517
0.29857868922502684
0.3733616288244639
0.27699948664847496
0.23545903379259114
0.7333405385050248
0.45781348293507707
0.3541221183752642
0.8754225769514713
0.15209723739464864
0.8811966423856696
0.12445839442457474
0.6313058301054008
0.3992621165451117
0.11760291307153548
0.09294430790593944
0.767089957440168
0.4793128197601225
0.36481871451612147
0.08435255745595294
0.7986603147340576
0.6496459967195991
0.05908912663655641
0.36744307068023196
0.9564476464606066
0.051027771832986346
0.2606171092042746
0.11868727829471948
0.6773878468927566
0.8933282610304284
0.5690432265085966
0.8851413755372745
0.8853408871260493
0.31716139017237355
0.19961411093530745
0.35110148332503743
0.35583948905812923
0.37539821506430726
0.2707668687435657
0.7225323476230214
0.7410726657144914
0.6311288907272599
0.6415822384201576
0.8926242961653766
0.38698350728357656
0.693903969454438
0.5639479473837382
0.8144997028543647
0.29747126200913754
0.4778046484476559
0.29927879090282894
0.3019749232703953
0.012053239489402623
0.005714929614388464
0.26209830078917273
0.3400124142712794
0.38425799052790943
0.16511973075049924
0.5312942380401413
0.2762404089571976
0.6358500321672049
0.5155702153790904
0.5098640823442425
0.06651799900824507
0.9406976532910503
0.86987903181606
0.2723108037493067
0.1571766663554499
0.6686420010984523
0.5611048304088422
0.9094672163959234
0.23689130655055812
0.18977658566506084
0.3253144434549785
0.7354117037392901
0.6013893609855135
0.21498704989329354
0.6277855237351732
0.8875347082164589
0.2245230077794148
0.8288411789535384
0.867632479086588
0.19146520537600742
0.4635306688048966
0.8221214923250361
0.47124405723895013
0.5413988322858978
0.5360049901942603
0.28600092783396636
0.9389521385396347
0.44508906482272415
0.520660935372488
0.39680830193129224
0.2983512953367523
0.28113226399309654
0.04965151528113232
0.43247218549709143
0.8049696611057222
0.5741222689590376
0.35226339524328054
0.5633249214757319
0.535497149760979
0.34435814783076557
0.9944737848454438
0.18356019180075023
0.08814654723023141
0.11386510142390471
0.5368434473763428
0.814843763127565
0.23235775525709412
0.20154893574971589
0.7158799267052536
0.06860589539602613
0.38794938157377823
0.8122212034878085
0.39342711366730954
0.5345573030736376
0.09953150981836023
0.8444836812906973
0.3787685110448824
0.07186085850086465
0.7044185421780429
0.6614669360357454
0.9129076609104483
0.5707225928401949
0.6961775790379194
0.20201771230543397
0.7915608175773634
0.21679970187686726
0.611332745284944
0.3116884040734883
0.8094527621052365
0.08280358896547668
0.990530354856456
0.6042422379873293
0.3256143439340595
0.20807971808350412
0.3656112245937826
0.3926792795767211
0.2046257854681598
0.4785557528722153
0.2490650258530065
0.7937975773873762
0.8543551358535024
0.5444273899439602
0.5399724392051707
0.32435486706623484
0.8707296054030952
0.2727002751353942
0.946373035863223
0.38091102850614444
0.06858793360457249
0.16525799799918917
0.02673939924364699
0.601666652765094
0.4485953464652118
0.5445614467323768
0.40268625386954204
0.5880818536207802
0.4095439382028814
0.668666500273002
0.17855348010878913
0.709445828659639
0.626122758436849
0.11575166639907275
0.6979545250650885
0.2377484635096796
0.9825574764489546
0.6850682802695319
0.7594948992617343
0.6724788176628083
0.5452534866687269
0.1982911024400159
0.22423422303028773
0.7064164904654308
0.9559042243929254
0.67242205265311
0.7396165919538146
0.2727286261947467
0.748261185562877
0.7193599752274623
0.6746098592724104
0.16500552786559985
0.0005881082258748505
0.6457313269897836
0.959447682873751
0.9700070108880544
0.14346389405010562
0.523022449397824
0.16100748013202693
0.24318379680830737
0.6889044882180636
0.9989980521908329
0.185404436274075
0.8496501293606767
0.03349691045933756
0.2104457227233616
0.8381816744502387
0.38072898749296247
0.7008963456867766
0.08503731051339514
0.12595362503447116
0.5503942982436609
0.5765009066176452
0.25933632904042114
0.5419590007971093
0.19516056018789896
0.7004606903994157
0.27059733710681044
0.2829765056850788
0.9329887521239155
0.17678114622729835
0.4064555608231415
0.36246650796101276
0.3067316287063263
0.27805975991083043
0.32697023159095573
0.5900827774980854
0.12632048190778766
0.9614163259999097
0.3276386853848211
0.18193149744158654
0.3856220026443974
0.27192095617071277
0.8162039324858161
0.35214965933245823
0.34068072338408717
0.15187757174632266
0.012380555794054948
0.6322693596338836
0.3076874327835446
0.8626480507007613
0.06302997937870447
0.7117532096261338
0.7081263680753768
0.03743966322347414
0.29133229491718493
0.1060031592174655
0.008377480639221613
0.33609375584582957
0.04060910568429177
0.14401724716206177
0.3728752478464412
0.4173153459759831
0.9710745366579218
0.7452695489285446
0.280373397990358
0.7469903274599139
0.1018862092016678
0.03469170594273063
0.4357298592480674
0.05340096926644111
0.5578968085631609
0.7291286023793853
0.20583562601960814
0.4583386942831027
0.6289283995674754
0.677873819579638
0.4421837660231004
0.47657277682205346
0.6903807161380674
0.8435917338088821
0.5243769438682249
0.3731125848845638
0.4584279414071879
0.8185344829201366
0.17833555317983862
0.5622969791639437
0.6178969440091543
0.7689174020574839
0.5547234013401702
0.9763388146848585
0.5874310880589697
0.9675801085737963
0.8401873171715336
0.15085430960526292
0.6647906377784892
0.6026190622356681
0.928199021404806
0.21574327045793407
0.07969029782359816
0.46202947114065307
0.3204114735868768
0.3063744660578004
0.530902302113165
0.07777830330846425
0.15095291906307196
0.6975806005433425
0.03227935514290137
0.5236421885142415
0.5849894538437532
0.11735537520507233
0.9524508473130658
0.5715317865205396
0.8147333298870827
0.636101711654337
0.9283621010840213
0.26030808108962944
0.1656202328625792
0.8371859344092211
0.009946788682562935
0.12783094560072028
0.23194095659101466
0.5922803955892088
0.6118113542643708
0.22056076178706074
0.6007914713762422
0.37454558239491864
0.824786622739468
0.9897613541276497
0.3840526781151342
0.11489049835195686
0.11007218091699067
0.6112744726598024
0.3496324548949079
0.9364938789690312
0.013407223103685917
0.8419423871626737
0.7129897712715818
0.023633117203451404
0.608748650662955
0.4291598179860274
0.6124548746013726
0.23783216911737082
0.03267159644233153
0.20540043564597266
0.8715718026431246
0.3291284112203904
0.6252453387640093
0.6130211568861914
0.5914249113416513
0.15468981804829773
0.8338581331282947
0.8054136162909061
0.7930803986139952
0.8957437878781682
0.5904896345440898
0.26338168810778273
0.35534496706987173
0.9797029745255824
0.13974914261770155
0.30471677317942514
0.9242853110846194
0.9193238465821859
0.9859008623475676
0.5702166711631562
0.0591796226794854
0.603518253753852
0.6381208719015384
0.38273917167850746
0.8601911137711239
0.09654497282794317
0.29614097069183576
0.4888371115214265
0.5175280229347781
0.0503778840106589
0.5095118072011752
0.8013976056750985
0.8889958929524951
0.7252393380977173
0.1431387745773195
0.23111561142395798
0.8980203013903656
0.9156680026764803
0.8631807806988292
0.9636512852873054
0.37293700595835333
0.8760677175538795
0.6181570671940817
0.28327876738227353
0.7817288234172047
0.522661566630732
0.5553329920477974
0.24779935577404422
0.349472346803148
0.3208912188506603
0.09718649564171866
0.8186725186407474
0.5074142415855735
0.8231702556608808
0.8595032904349048
0.48115449137181365
0.04879062850740856
0.09807120813514048
0.16010676435500681
0.21191327248935699
0.7993834057476177
0.6631869474138756
0.8301999656741381
0.5032384737908946
0.28322586280535644
0.6760945347235792
0.8700649786016525
0.4626668397569196
0.7024295433094506
0.5676145277342866
0.3360601680601193
0.5592772027479159
0.6249556427807119
0.04266114695066037
0.3906212020025107
0.6864691811705964
0.6656864688632201
0.7482279924348406
0.1531265647897887
0.4033313484466844
0.08965585997597147
0.4332843506112686
0.4948156948767819
0.8629516571475847
0.7422783819631364
0.24019857739158124
0.6015641322462026
0.16529068828020865
0.22631465532930062
0.13066532640188067
0.3986106716379437
0.970322174816202
0.26128891204971827
0.13438024172093832
0.7641861990292823
0.48769610650827644
0.6071078784662677
0.2962580925878955
0.764386620500422
0.19951670221766482
0.09899507300706145
0.21074883003922862
0.8004972753340114
0.954349912797054
0.3156333414332748
0.7891582603706977
0.3655141297451878
0.9951156381176374
0.4492388875381709
0.4145308931073548
0.33250924760130907
0.9628234099686455
0.8674076636439011
0.8121843012473472
0.4733265165969065
0.24904568637449864
0.6842712509812698
0.7995317634247382
0.37201744255351266
0.6612382021373284
0.5616086215635648
0.6746227790580814
0.1770096858723056
0.6160663484794026
0.34480437544177434
0.7936574752074196
0.6580685726614401
0.33163358951115063
0.041096794844462936
0.914874275572132
0.34421838446134334
0.5029967680312504
0.5360180675081735
0.9579301795649093
0.6087577477167122
0.8017698297839522
0.2518440032935506
0.3084597492991342
0.91242619072291
0.002214007977174748
0.6896288984176653
0.7006160950596552
0.004239082876297151
0.44351979915399986
0.3418759954118753
0.9836281995244196
0.38646848487635577
0.5537306894853268
0.4187415422722699
0.38217187818051834
0.7054116397667738
0.03681289676988708
0.49629437464260895
0.13082606561205912
0.5851496763131587
0.6612425749214016
0.7214872845433599
0.7690259810258354
0.013402354884878287
0.8191091538797337
0.10091105794085253
0.5689152705919425
0.9280117875800831
0.8856411324414012
0.7795231699668115
0.3023562766078951
0.5569804836539918
0.5182921523319154
0.029714738182714306
0.4731812562042985
0.5127996183951155
0.6249508686381116
0.9052558751658957
0.226355379556905
0.846764243823469
0.1754338788466131
0.3034988479382391
0.8187757893236774
0.7805708819713031
0.5870562174287973
0.4058079327952371
0.1992107401177431
0.8046580355893264
0.1860782032068249
0.774923985003214
0.11770612175375739
0.2807331242341127
0.16927617353827606
0.8769426472861982
0.27855529774773424
0.2542290487773866
0.6082270106849657
0.2171004251900701
0.32710636312566665
0.48260572871895113
0.3419587086844885
0.8171742528909064
0.5958202796674205
0.10303463051471817
0.11519870380965536
0.9587240256928051
0.03742113632395172
0.19923054371340532
0.6560707064886687
0.06760371326613701
0.5359065230603369
0.5683087558674448
0.11869148234663707
0.15864135438602733
0.6349332486447913
0.07054107225981088
0.0916471686999526
0.5010015387729798
0.5375808943621886
0.5398065961759471
0.9163667027497054
0.31668269113659253
0.8373516304785009
0.3456626542100517
0.10158218624568993
0.04692645861707656
0.2904499233467345
0.7681124841553312
0.6218998030236621
0.008039434109456067
0.42058834798565903
0.73857972252482
0.5477246420486057
0.09359466619112011
0.7980525187793132
0.176303055990213
0.33636890758715754
0.7955381168963971
0.6453808619195311
0.2089947108807011
0.12567478057887305
0.7584053925310845
0.5820902954160118
0.03911734008854861
0.08914119187765246
0.4408079271510158
0.4217552633321623
0.14367354866138848
0.6823736156954997
0.7875392020951156
0.4906532318307465
0.6366882912607642
0.6102960691141919
0.19626256089085226
0.9921017395613048
0.007337873666439232
0.5862794819631959
0.6906811085753541
0.853461655358832
0.0823328619333824
0.3399294174883396
0.944838381645383
0.3442221905342342
0.6188399182340324
0.22030903027591187
0.06877466951649203
0.10955093006172079
0.9378070036497645
0.10247196500459765
0.6091930800610924
0.297667208500043
0.07085298737688495
0.5135145176831971
0.18933713415380915
0.4180023165772876
0.6803709735260041
0.5510643477549474
0.43917029489052906
0.1148086925563061
0.9828941484316358
0.36147038664804176
0.5751865810039505
0.4681438270959557
0.7764294843327472
0.7725599252029228
0.9214848495376473
0.9823139791353512
0.9715219207882088
0.9416856960113783
0.0015146366895160135
0.2015500667391137
0.888260364615898
0.4218915858348301
0.5314262592478015
0.20262648179868015
0.23685571643633718
0.24705713281308805
0.8980388856396074
0.6088243926958462
0.4436843136372113
0.3582198024463922
0.3337060163755776
0.6838365124346101
0.6311788499786213
0.7337328047787728
0.878179722136592
0.14709920732215398
0.837282859054479
0.4000743995167968
0.31485878125505673
0.5571258061134139
0.37792354379656945
0.14944066157138935
0.6671930884107468
0.36815226282805846
0.08986761449478642
0.5775476516603991
0.1799656775601972
0.956806329376132
0.596799174833972
0.6159106582700891
0.9509571896551812
0.014672150932579342
0.08565023848137676
0.04826748309433948
0.47309578665873997
0.4666695651240942
0.04284655313359731
0.011225418871447457
0.8651260731949051
0.17093244509529348
0.3641282663556701
0.15665523539261073
0.24217284397556316
0.6581269295605588
0.7989010601387045
0.8212180466454783
0.9995829723689605
0.24157727729675882
0.4072587150084003
0.6600816782297501
0.10612296200541316
0.1751782850381821
0.6294816779416492
0.6611183386579786
0.6019871788189726
0.46103122474175395
0.8568979668033951
0.6369872224688121
0.4007557443930688
0.4965414195492328
0.42965498627557364
0.9722820675711294
0.5821116796814835
0.45762835632922594
0.3194634149889728
0.18935238529313536
0.12172764697898131
0.048578496373297475
0.8152134998832427
0.38864828065120594
0.4409942602050786
0.8067028677986695
0.48233864427217055
0.5915296603087806
0.027283574029855262
0.7936192585022094
0.18135315644605088
0.8638952859685171
0.7551530978495948
0.1065318279023807
0.5319534281169079
0.9879525566248659
0.7342743232270899
0.08951190764501837
0.36269595861468074
0.5013421646474506
0.22074557523212823
0.2833141886722407
0.6785950444175914
0.26587510583565077
0.3398825400612936
0.0853122226596903
0.637602944351279
0.8219204631932961
0.0030347525821015076
0.9537696228801201
0.6742156183270088
0.17125466455938976
0.13208334854221038
0.8640236606228581
0.455699936930157
0.057363070850842246
0.8675862889066644
0.2324757965639167
0.7198296673491161
0.00886773551961717
0.6335785163441313
0.8196759031623856
0.1678602715632449
0.792711542311725
0.8851992733909059
0.7750258463294319
0.3054344825423585
0.9181121329607689
0.5780588649493346
0.40766600477924586
0.942252574483883
0.9591241564181322
0.430710471543588
0.32060997383360446
0.0793807676227889
0.26793493228946397
0.609140612447543
0.5141951415762656
0.6723484150488792
0.21240972200591024
0.5742987039600104
0.8773990036146284
0.1880077430533621
0.74909736332537
0.3767440365623175
0.9165323677712319
0.27809146483221947
0.8534960044115195
0.05691387518491209
0.7331505468569566
0.9060748313736005
0.05649141725027029
0.19171831139394024
0.6874469769450645
0.3991463273746121
0.18745675276508333
0.2793648582282474
0.08896636044246264
0.6125665968584271
0.1600469244607311
0.7725785165191879
0.4321161947663891
0.26704221701293407
0.18164589919864638
0.6512252808547586
0.30539409303291865
0.29517916294144286
0.08644551122217459
0.08893745113827489
0.9759443856988089
0.3229072707426339
0.0008347832972703806
0.6568477777457193
0.020656110326440213
0.7269032910313166
0.925771775263775
0.46957459391212775
0.8526739044473531
0.8069507997906789
0.7991910266639186
0.42017308423867794
0.9196898897983936
0.4180038298072719
0.3176482127716136
0.6619263458971975
0.3800134756014264
0.5393905811184956
0.224460641933534
0.7357791284167186
0.4340110619005305
0.8431444844037629
0.17741311077734545
0.5469661339808374
0.3203717964043752
0.3959690365935984
0.7468459950509095
0.7323139142349315
0.1903892713006522
0.42969016947073635
0.10557770496041341
0.3555016241361172
0.17314563775941438
0.21468852709937758
0.9103361944828697
0.5081057410269747
0.6522786032951849
0.8311678410244738
0.6820426712351931
0.012247114832647732
0.2976556266141376
0.6118959590967196
0.04010128874063379
0.35554048627505963
0.18079796144982252
0.16627245280339764
0.01759240656546135
0.9350038436191641
0.7332475000681978
0.17889664321307575
0.5403174416474827
0.91779371986482
0.8162905249853262
0.3147746774552722
0.615654162133997
0.8996489127469536
0.2006829609169617
0.21420504949303687
0.0452852990874445
0.8251689480143098
0.4054283038624239
0.6454173852509615
0.29918818414858994
0.7366712166669577
0.5979917855280799
0.00014514946225652192
0.5467751115609399
0.8413021300860501
0.9157284441993702
0.9511666461792257
0.2773730128675366
0.13905577024054572
0.7868926377217893
0.10420462729145086
0.6477004139745025
0.7573927038976306
0.3344616843959668
0.6322377877913075
0.6198194176095114
0.9172631044132478
0.21427881916518698
0.6746396374196552
0.941590092276473
0.4450507029968165
0.6385377189262746
0.3110815600283878
0.9554340180865395
0.1407813099483033
0.24667339447755543
0.749083674134648
0.25700296536417133
0.25011617150558807
0.5784121333927462
0.5815932692895123
0.059246089729698026
0.8141673158978242
0.7835686132117987
0.9168117188382656
0.963915056947553
0.1476054669505371
0.12991164086281037
0.6558829910014191
0.7811756046311198
0.36398645048912315
0.9344188956565823
0.6171193128520548
0.7343990583469675
0.49128886309348097
0.4804214906595563
0.3056323929851461
0.684097993805061
0.46540583684634607
0.07405572295273821
0.3251540374052797
0.8792388191711387
0.5701859622637597
0.13340023207614937
0.10076994016547858
0.36936917503428357
0.9887534501716275
0.28496508025009015
0.5574424005834603
0.9192532853119822
0.9955314015726618
0.7501858126166528
0.9659536064185658
0.7726443198837727
0.7605372696323347
0.0015279054021627436
0.5589871305473493
0.5090975344669911
0.6574230853058546
0.23360720570711602
0.3522270416823815
0.990734958132986
0.9042240356602614
0.6634675584815565
0.8037067643774954
0.32935413673334424
0.08913803288418554
0.4012862472318437
0.9908875755910175
0.7359258551021408
0.4104349794140959
0.6984774228557206
0.4450150659804727
0.7315501457322711
0.8142571250013358
0.7834804026506342
0.8206459507253924
0.40787178795624646
0.41010835055346173
0.40004576479611786
0.9123352642048737
0.5701319224861168
0.5438892396435737
0.2544874542379848
0.8775612894131806
0.31844338787452564
0.03281619725972096
0.05057792455963561
0.8012612439411066
0.052193393814568556
0.1552329087696649
0.4176446722341022
0.9416847160915758
0.5528350429416229
0.28078171034224286
0.3874075350785823
0.8055867407780901
0.8668284889067773
0.15644889682437768
