0.6409519264595759
0.5251288674788068
0.9547693813588203
0.37524184493552515
0.6635131438270523
0.7061456962620157
0.8136699703622635
0.2862223437365481
0.8626451587445035
0.21055041134632124
0.16582932572455444
0.5149282075006989
0.6574125233411556
0.6267663304876534
0.37558391587093576
0.7620428001232802
0.2672685725421772
0.7483245390290914
0.6636390375962683
0.47458494321169054
0.949096436946176
0.6045590796747674
0.8278407311312036
0.0506244335217334
0.543656950203396
0.16433715344458044
0.9559486316355025
0.42130720995112103
0.8611491921199507
0.2601965264838635
0.5949409059316615
0.5498612700066559
0.22707495161480984
0.7908119076605933
0.7180068031803695
0.8414901623109698
0.14468688191222356
0.028745239991271654
0.06831266435392891
0.27783731988581606
0.6131714078638315
0.47419175739900865
0.6824088177784821
0.047160782695162884
0.10919719996161903
0.8086845858614594
0.7279841285623193
0.03435874800449912
0.23607649163149902
0.9209913879986743
0.8853241508369339
0.6510099875829329
0.17498058680526252
0.17910736209871825
0.14563988189005028
0.9933999379858833
0.7657583963420614
0.105937942998521
0.11074183656080305
0.5349961453725958
0.4213056791554889
0.5400873263862371
0.5277155185084867
0.7816778689555799
0.5230528198065834
0.32231304253361015
0.6496259307207005
0.13896036613526452
0.3975737915079993
0.3846270046034672
0.30991810132231223
0.10019440017296932
0.9949950737192456
0.9352923537045483
0.8982546937413949
0.855817838578907
0.5245876276968494
0.2880522303988584
0.683002812766851
0.7462087545190501
0.5159094245915861
0.2833093431440098
0.4456674758013779
0.9206728707693075
0.011885910067880867
0.8970594795646865
0.423197502780035
0.07454511277820564
0.864761504372405
0.592273184557087
0.12963989505823692
0.560857497457692
0.7062545155009872
0.25635411454011303
0.10980251673552355
0.9866818959126855
0.5588040616166349
0.9293385029711996
0.24546747464608987
0.8869117416642448
0.9095843657268669
0.27157475325744673
0.8154132569077723
0.1904850546556679
0.6855891531539866
0.6168361281389514
0.5646604413077592
0.9104047835769289
0.8869949835462507
0.24253106589292894
0.08611098257890282
0.7292651565488281
0.6429639193563549
0.7783821833453071
0.7175010536594956
0.5846844557181231
0.08139576601285037
0.9166622870780515
0.5113616146454322
0.11547878304224946
0.5571987569373495
0.9656731896751314
0.08419518550396743
0.743510395387269
0.5006192662672942
0.10469862088376725
0.8626182456523785
0.22243579362266241
0.07440312444644037
0.010940159169909758
0.12611176751495057
0.08181407759663495
0.9585737284600522
0.8919872825929673
0.8875267156668502
0.5076259459662253
0.8091438662667914
0.0827454768320216
0.7545005914270904
0.7941530820366168
0.8925793858674508
0.8011367698093174
0.11404171815464825
0.7119142441132855
0.8559753495792171
0.7201890226672897
0.17812666658114884
0.2487957315483772
0.7189461266149388
0.46912102290049285
0.828043631670683
0.010157225406391968
0.8727469078099079
0.2357160358465662
0.40385342236636457
0.21439653179370677
0.7213915962425969
0.881313876730374
0.00043974086620879316
0.3789065493847633
0.6658411176370839
0.4312886491840393
0.7087737115464523
0.7823682261413291
0.5161182924898181
0.956220559765941
0.8253107711559509
0.011071409652888331
0.6343561060278886
0.3039678035358252
0.7738950035752338
0.3727314590293517
0.016023129969552352
0.8767966684567898
0.7043536054200709
0.2899726963278658
0.4540087976662166
0.83037811940684
0.1666155130717445
0.4762102142833995
0.7969300967629602
0.23105876955363103
0.25207409232970446
0.905961138393443
0.7656582449853248
0.23728653825579682
0.25038674252842663
0.35187014285851104
0.4660561765636535
0.23586217275867571
0.2277076802219833
0.6171666584070832
0.37755565023064086
0.24794986571588795
0.5222594612703498
0.6502248459919789
0.3445342217365067
0.12224804183916149
0.37441387754648525
0.8694435979196447
0.5364676859273557
0.007578856348860241
0.8401150653171665
0.9226339263257011
0.5994646924496038
0.213834298378339
0.9794308393132288
0.9863191246426767
0.3489203055184379
0.2574398242693542
0.6210261441499031
0.9616049934697213
0.03721921060197886
0.20123098833845077
0.026738044056980437
0.1810238582372018
0.9398005109721284
0.3157253268395691
0.7528192859745475
0.4552007195793547
0.045909637480062604
0.5206160228718837
0.2706900404318737
0.9557049577344433
0.6762760893035888
0.3953258646794465
0.2911529734757855
0.7735438712530621
0.04532468418059965
0.46775475588313054
0.8273348225721235
0.7640175024779524
0.11635416999764803
0.6807109212223135
0.9731775147431129
0.5574449944365405
0.8421215875126239
0.5095220539442965
0.5385310507670822
0.8455379944095828
0.4015937323472276
0.6948344619386656
0.6129368040172414
0.8917040174737265
0.9152356134585622
0.8279534452799019
0.8596616663056967
0.4832945879516075
0.3953367951891408
0.45783399320736484
0.36043648093088454
0.2425714772140577
0.32726850211352
0.1906593307085771
0.393330527110752
0.9588414180347379
0.5490093439276543
0.5240891313984847
0.2388991904492721
0.21723293745184902
0.5776437360457458
0.7392086767771167
0.5629079534405383
0.9332275493676824
0.7646534180275595
0.33545339022841736
0.4359112299347162
0.7094418971322529
0.09174893502146042
0.13366805946304394
0.7991456658286642
0.726095289920165
0.3154598337900787
0.5454797458921703
0.8539061253086865
0.5190341805933864
0.046791608343376034
0.1649923541320376
0.7498853592512728
0.34871511047272885
0.7128729181481719
0.2977931225520626
0.6969052689884994
0.30099130378791805
0.43558117915420724
0.9213279002974085
0.7408610526964872
0.4795578717659409
0.9180123741511637
0.18400451039041454
0.3083168049948868
0.2605446206810077
0.7648728926151581
0.9348807180385623
0.3546523003212667
0.4454936311107842
0.234575198107554
0.5929283698344869
0.4064641859082414
0.5864316665691411
0.20702333690955999
0.6587306364953808
0.4828141174987779
0.7984777774023971
0.22883440506370256
0.45003012708083723
0.02375448134211333
0.9604596733857707
0.6937868985195389
0.015941292343251035
0.7890985011608166
0.14242087960092997
0.08371079958716288
0.02446625458234608
0.40667041238589907
0.8032594982436791
0.056802533139806655
0.5176366549282032
0.30941810009153403
0.6621068026878908
0.2796592812843255
0.28577051185073976
0.6504245071797858
0.41742875322088746
0.9558175870693605
0.20219033492356364
0.1417628629715969
0.23462324819148117
0.7124820517344946
0.3755415561139771
0.5962315840785916
0.01183584570370233
0.07395463731735774
0.8109191605820817
0.41469023268324445
0.10643052250687779
0.6287519628474955
0.9116464487454266
0.9620997369494673
0.7887896947106173
0.42504280568178954
0.03515633661761497
0.9398592287749318
0.37369658371466385
0.17314083614973308
0.2889569061467485
0.24886916950769067
0.584522285074738
0.3562832089763138
0.5525100573103415
0.820402189186158
0.6766823694199172
0.8976091834141304
0.17275313204950815
0.027757545566301944
0.34475712977838835
0.5858834454173342
0.8043547669118091
0.631722864167641
0.0007344631701907689
0.7133457764107693
0.28612437552733494
0.8295426592341345
0.42478226760685023
0.5420424951778896
0.09038068009801303
0.6388763996518145
0.10039994958307275
0.5463376108039745
0.5878408327377951
0.62671857986666
0.7878289426182382
0.3322348522095129
0.9444300450956762
0.42175421789570566
0.8124935426545146
0.20189792748397806
0.6431787847629941
0.33492866724341464
0.09224747928868238
0.9319602983877782
0.7376981203632434
0.9005330340553896
0.7401904536102438
0.6677112542195022
0.8359736313557027
0.2961295118298093
0.6391680565647162
0.6804011590641722
0.8306584625770669
0.0734462769659171
0.10837295766853572
0.8676406843553506
0.15093284295072396
0.14418417339505252
0.6831467729040414
0.20760198847240918
0.254651193329246
0.33270177571651216
0.13824332662499184
0.42225828643736874
0.8756257228377647
0.6075904693766653
0.7352877444685728
0.08150583307679937
0.9393893068905664
0.5141956106035578
0.17176785722643617
0.9301259878793592
0.5819910318542747
0.692890357172581
0.9740164329215355
0.6261764425397647
0.011572551181325497
0.2625383136210607
0.4712854169274563
0.5518896975428075
0.6018968429608296
0.9073149757784107
0.09745142661701278
0.7197696111159428
0.8605666442821175
0.787458290483465
0.45610105580712135
0.009685193157461414
0.9610145728312911
0.6954967294946693
0.08456628421697199
0.6211194816067941
0.20075893927915034
0.18747949367010297
0.7418832838176709
0.8995449077820957
0.5349359667265733
0.47025065021337775
0.7036416634452777
0.2735949433979218
0.8819997891191211
0.7759097342164839
0.06996894701943479
0.7325837168810191
0.41813285713471315
0.04616229585828768
0.41938427168616
0.6347456216728039
0.16505835194780905
0.17160662423331685
0.41538364762832536
0.7609155850724219
0.9066895727969281
0.9577419680845239
0.43959445832410726
0.7748852798195037
0.42727419882668816
0.825206358795869
0.286959057206728
0.5638306108795168
0.7877110440769018
0.36958573684038
0.6795377642152393
0.2850086479252619
0.2216309839415036
0.725761377531735
0.7311745110291473
0.14111692824557742
0.16278237952685437
0.11170404225271713
0.3208692726036031
0.5274091369694334
0.2432558353745633
0.23216817396092626
0.3208318431751639
0.7831397603350813
0.31383690902520156
0.9309579696045162
0.4211493743211576
0.7549883767570087
0.026046803283498288
0.5442272723902646
0.15050279245266351
0.0033124462394533705
0.9810716195391734
0.5963503642777538
0.9429157267962163
0.6721298504256081
0.7871170706052197
0.8003857721236965
0.9667795625110622
0.8903674808714845
0.7378079655478536
0.9063034490770339
0.5386674640196364
0.664620505688046
0.6898568888550004
0.10139073704252344
0.8943274329768224
0.8390013419318978
0.27932042306028093
0.647047705523841
0.9535897699971984
0.6661143300863918
0.2744750442148687
0.08525840330425771
0.06594746438260435
0.6088571760068642
0.9430005787381871
0.3248543459491783
0.6445026401327671
0.8909111821674807
0.6074027586230318
0.8867996362944047
0.13460167799927503
0.4578962572764248
0.7746223963751822
0.1648972750157689
0.8268999301579609
0.006137039465504812
0.86122810110586
0.6900089939067684
0.6655645684728313
0.21160156185314105
0.9305206496574446
0.4346386917189985
0.3455169991161715
0.6227181455250632
0.06584205546571198
0.32818566614331246
0.2861231725329114
0.20591021256647668
0.7402726098031993
0.6999318517159033
0.21311754488317836
0.5878476556419104
0.7906999519793885
0.3346730367249793
0.43753536330128695
0.1434452942149721
0.747319160030413
0.5246603404802704
0.6469847507872559
0.8291154981935646
0.5284028656982152
0.31385933135919775
0.766047041129473
0.816011915011564
0.5958720221184346
0.9571109685912365
0.9745465829594474
0.9496326450187766
0.9193694321756569
0.5638731786465615
0.8195008851615532
0.7333418347944151
0.867145057316091
0.19596685322826468
0.18660776212668706
0.49570722926239896
0.06053609849968833
0.17784154016755238
0.362977301490482
0.7311860678121096
0.5588305180106211
0.3986701683364722
0.47764399321139484
0.49992075085995047
0.43496982310299737
0.6420063924894873
0.10500661151761181
0.2963780625458432
0.6750652412461965
0.12535239131216125
0.6681623981925946
0.029196815295842282
0.8298215602794583
0.4189935334357363
0.11293032375240264
0.36509926448836794
0.4507782787714588
0.06903152327581374
0.5741859515697815
0.12074471387292651
0.5389924333206669
0.8895919275852089
0.5495125026284423
0.78414489286186
0.55900956643854
0.9131600942445597
0.6465808732709535
0.2835887705828163
0.6307726647112922
0.16164640524884022
0.8221499252983601
0.9008453423940213
0.740881378187862
0.5511316703564145
0.24541228871995624
0.925128179936863
0.11443518781449691
0.37564248698449276
0.22235259578222089
0.5568261581420771
0.6506820750509821
0.7310355685864266
0.42870655064390284
0.816586170374869
0.7352989344764548
0.630860318014438
0.5607364048134618
0.5135680690945726
0.47610485020715587
0.9801283739239885
0.14043266349581462
0.20312800579632995
0.9591146340719131
0.7510819815406706
0.5778150243356989
0.19829034485616603
0.2844120711255107
0.8759026182369832
0.9825022455413948
0.6065185544268925
0.5651829282799467
0.6873337610403867
0.21294577095830958
0.6895505853570946
0.07911237829843842
0.2952830631564616
0.1786505772379996
0.5354899323686323
0.6800665718537516
0.8613336154466288
0.5080152042046195
0.4516103762165621
0.4343406659340816
0.4350939566098746
0.8824242492847653
0.4272673160145909
0.1485832631434899
0.6473593365993283
0.6259322425497147
0.45010013035137875
0.6832837776918221
0.5963513906216735
0.742350601918222
0.6507650613502861
0.3350190833193927
0.4796577106431532
0.38535079491620394
0.020776942708967794
0.9353890430567446
0.632861540404965
0.35773483938676054
0.8870873042530693
0.7863192393994982
0.8319177824027608
0.8678572584137405
0.1362033863161939
0.5240654418386412
0.6112422742803608
0.2318969952815142
0.07989870342531602
0.30412038014755305
0.3949551699296536
0.6483605800098086
0.41484081145691243
0.088437907124154
0.0910830200658641
0.9449101484946338
0.09461401008802639
0.22941920744724964
0.709914645019777
0.8107790901519019
0.9829292342747465
0.847232852339173
0.7342413523456433
0.7046782002374069
0.6323444173884851
0.47211366101111063
0.867638759775852
0.38923031806039177
0.7652462116721734
0.672548580244777
0.034678902885452834
0.6138902905059422
0.09903944213923277
0.14585646079185155
0.1972218985307297
0.01947470528289008
0.9894646025555102
0.15792484079175773
0.28476981468236695
0.18587681389832744
0.5381574765433027
0.710892493926008
0.1191791220046654
0.2653370370033742
0.3841240129144716
0.20098770639355223
0.2587591774553125
0.0591283473405122
0.41675726371088484
0.06313868159487479
0.7815490685802163
0.4303976683136914
0.7472183562225676
0.5684829338834657
0.2966910456857915
0.32287619035487813
0.44074848689788504
0.1262856274419243
0.26739860398576953
0.743840377988047
0.7783693691545923
0.7310026901192727
0.2725836292876047
0.8912952384359053
0.8035173418870504
0.3761984479880556
0.41504473940824105
0.7105159708295273
0.7487373443430164
0.2386914083764511
0.3255355031452133
0.8455291644138129
0.45292713231685167
0.11100857898844196
0.21467313451418724
0.6330863745424804
0.8516012861137955
0.3714851691430069
0.3940700282461126
0.5148921456772535
0.5217048292456383
0.5893046209987253
0.21078312326963888
0.07554329907718305
0.3077539677161849
0.03462710858747964
0.8242592130669796
0.939574803872756
0.7445416979043871
0.24625291105887737
0.3663278407683923
0.8242722889761164
0.7972880514517501
0.72287231397351
0.7267935216381789
0.4533939176198377
0.2151629770683241
0.8917246019491736
0.6137074144419176
0.28503381264892225
0.8094436809530868
0.8339860826198795
0.7188294599227452
0.6311767956947087
0.7513464778657768
0.6905246373157796
0.966120881761668
0.012426587856351756
0.34189845937759866
0.18229219225859883
0.8726191937577992
0.008132122241436779
0.614333926094057
0.005879403511942272
0.2240571157742487
0.0790390480823906
0.500588196043794
0.6277723163248605
0.3401363627330253
0.7499999884083643
0.526126565915115
0.6463802227668776
0.5058580225628558
0.3094431495883241
0.21396193556546805
0.3459185666182689
0.9538233050116612
0.5283617260770267
0.11027565237901082
0.5764900712335508
0.573681258707029
0.9136011825905836
0.5778072941235785
0.32515267776210566
0.732864556715216
0.35437847702836767
0.15737068751001826
0.36479792499487207
0.49114920546923635
0.712933877413031
0.8884323332153741
0.5766989888948271
0.19885301951747048
0.04306978215571999
0.06199522593214302
0.3783512105012228
0.8809043142636566
0.6704536841369846
0.052430719438261164
0.45250504774749045
0.10109864027687376
0.13183150242815966
0.7578132439895615
0.3537294894356481
0.14875927120943522
0.3276753115943313
0.8901747669045624
0.12198408182806153
0.939536763596138
0.504112451611298
0.8519008341623722
0.24474486017417663
0.34177318748946495
0.13680086256072077
0.7192773545770843
0.4659531523475633
0.06525288484061664
0.6954721896841629
0.9227087812614796
0.2582871327962457
0.8275397249107485
0.602103990219692
0.3601612331995452
0.5770636603796362
0.1159364106136892
0.8194457686069141
0.6188130223647148
0.412735425009923
0.5569251741602967
0.8837177369520443
0.33832080094748107
0.11284105929956256
0.6123643947224366
0.32298555772138715
0.43890801041787897
0.8320709904629457
0.8918961132192756
0.5217150210182604
0.8107362962836865
0.10308885837393755
0.3366189822654513
0.9892890087189261
0.9572746751717611
0.4715319048528709
0.8517712087488019
0.9318198727766204
0.7710364878768651
0.7925741295224692
0.20110875586427746
0.633557907440363
0.2943672227567641
0.16768425524394281
0.29055212497940175
0.7605132151921089
0.6295233789200535
0.863523722095854
0.6079192506583769
0.00020692027892210696
0.1434213810066498
0.5044607034818828
0.8314541161382989
0.026350617056554504
0.33155152478623184
0.558016168972134
0.927777942301345
0.709795864210457
0.07864853725235899
0.32723711450553294
0.04998645749805497
0.39678425090121394
0.3503848110907646
0.8627185976688373
0.3650355524151815
0.48039928760559003
0.25931467318715773
0.36210185431825326
0.7488155433918973
0.8543014241500624
0.6147450232392969
0.6647856110716985
0.631342876966644
0.49937502336610895
0.5940803357862746
0.7675328782204108
0.19164881599262085
0.900392957214042
0.9727061830802437
0.9844815400484731
0.051915611848880605
0.7481688098337188
0.6383711324806444
0.9110690529161458
0.5605434266274741
0.03723243950346
0.36339461762053527
0.4954420171554006
0.02842206640392131
0.2773818090375104
0.8457845344251066
0.6672672349214586
0.5490721819541813
0.6984650360637374
0.3116810530020473
0.7642583197191326
0.9927128430285284
0.40442517668472355
0.10374355894513554
0.08346558247497327
0.8737238339606506
0.17657406251299423
0.3762742426477409
0.5254441163693632
0.04535673607201762
0.4823218606381392
0.674454223701451
0.8761594245429156
0.321343927174337
0.1846035690330553
0.3055923026524616
0.6303524444885926
0.3649755772314962
0.3565449151361656
0.8366702779297904
0.5814730630216123
0.3090236137587904
0.7545885031582352
0.6281526125260652
0.8397959982319945
0.936243388618882
0.389536418565986
0.33525060015237673
0.2639665493703035
0.2236306986965113
0.7416339422281647
0.35106940200582426
0.34124956171197374
0.15257812839942042
0.17244349981318385
0.6136583176552822
0.22522926927126485
0.46101860896888913
0.8396879100003215
0.6232495525255062
0.13172478555522726
0.4852202423779397
0.06017842926622441
0.6979376923767133
0.8899369535597328
0.637725006556929
0.8293802723230891
0.3371808249245417
0.6431121205170812
0.2416612336358117
0.014796797167734521
0.8154177644591049
0.757347505764316
0.2645475323276101
0.025463605358403307
0.4141783289736528
0.9060318906018863
0.2367781816974076
0.4377546902789732
0.3324961935716787
0.8249006369382791
0.9437293742623576
0.6184739721226321
0.15142212382836284
0.730618398235296
0.7109169210967237
0.39580630945802553
0.1106553871601208
0.3123833364547748
0.09832616274045736
0.9284402825230483
0.5446827946310538
0.44852274326798847
0.16964844894997133
0.6477554948103003
0.36091757021254445
0.4413956972358507
0.8020854384260908
0.2192627337910148
0.4331350396053406
0.1374104977225914
0.13485711554147894
0.7035404474485801
0.8878502683712984
0.5596741069627881
0.7961785613722085
0.40952800994625116
0.9825268503561628
0.7981102777638243
0.028366903702018775
0.5917649065255794
0.9844598217027539
0.9499995747132879
0.03534739977509671
0.7805784357059173
0.42744366330141337
0.855311009411366
0.6560147573435253
0.5502217127218372
0.042493257979480115
0.25013901556984885
0.949784688171762
0.06050719085689371
0.0685823988077584
0.5754308011624575
0.16423003453805107
0.9532378592898532
0.7155411221212858
0.2659951055916555
0.5071188509155196
0.2967861053425709
0.32957015851940463
0.7216551432071804
0.5640804298934586
0.6230731356565453
0.7443588314908811
0.31971446973844486
0.6389259965331557
0.7179024893164437
0.9328435288090605
0.15180174599356566
0.014604988750405057
0.9434304060576406
0.8342360924250432
0.514866221011434
0.4848932147004047
0.935521413161685
0.8118682024782605
0.8593876536094867
0.05076853008632365
0.7412072914007302
0.03182544929602549
0.34316703717699903
0.193998168169481
0.7021132546056773
0.4010972230129173
0.7959951420406897
0.24029762557543188
0.02280248705254251
0.04755512185232347
0.9115260697415322
0.6930968989689847
0.09872501550626545
0.48943945367922814
0.4427474031886153
0.1345011206930764
0.5004458150949728
0.6308349046742975
0.7150978414372997
0.9690295104289022
0.527687106098039
0.9531653699831187
0.13156458109116154
0.14534340201268414
0.8950531124455863
0.43470379490048094
0.007021432640155201
0.6298165864251001
0.9082056549817721
0.5884025993941726
0.5914572986688938
0.3135632448695289
0.769882105616001
0.638554598583749
0.5320236825771633
0.2935163588173446
0.18570903936738203
0.4467855262360465
0.6832305739838944
0.27526382801409144
0.7427519225740608
0.3187793312207503
0.30063420588379774
0.3161095527638632
0.03468862209088386
0.09842974140533822
0.8719601362736202
0.33491731908852906
0.5195021934495598
0.9068322433670053
0.6588578744134869
0.10278895725204817
0.1498863350743509
0.231900573295022
0.3854153827264115
0.750013670137188
0.9685570651172597
0.5971004619945111
0.7103423476024426
0.6958630478736202
0.3768807653537205
0.7950313662269038
0.7348739506686109
0.48650853210599276
0.9535520153490944
0.07594612274575163
0.9835086642966281
0.6974066144391126
0.29071495159883565
0.6925432777318038
0.8073017492598744
0.8833040982604841
0.26334399648846263
0.8597941656069767
0.23525994510025516
0.3032158719336516
0.6534059977206271
0.5028773120119029
0.7809374738868294
0.2127873265394402
0.13697375289773295
0.8003239405122141
0.4374623138217918
0.6216420789196457
0.6449666968299894
0.8802699484762679
0.44550292859679697
0.5663582312325929
0.2617085940338698
0.790080546868075
0.7092657515835046
0.08926965578629498
0.3514027625158832
0.5805725791621115
0.21842200837862968
0.39229231121167873
0.5837815521867418
0.047462934946038926
0.7959530982199412
0.07427981897027369
0.8077327518571881
0.12754988298788883
0.4351837844311317
0.04935723186188512
0.5941132375194944
0.9702517400386668
0.6319524339396456
0.2830443629829352
0.03716953986716087
0.7202027643772235
0.4706403756420875
0.38880123101975417
0.6245890950036482
0.8195151046153264
0.8689641570366367
0.8578052463044171
0.15272750499459697
