0.5507429052664733
0.8196935717791617
0.4144371614322957
0.7194833633809466
0.4247718473077148
0.36813557320425105
0.4942099343846552
0.9621504129731989
0.09824379651833992
0.3889358097723047
0.09095719888917286
0.6801426330929224
0.08777059219957395
0.9782440905190906
0.23138990574586338
0.05849682442624804
0.7999361457543583
0.03748658613275113
0.34541057037092726
0.780092319327952
0.8994380498203008
0.6271035755727203
0.003205133447850228
0.4336293337507985
0.5755181928770057
0.9356240167819594
0.48923320947545423
0.39616876264798473
0.09157025538537278
0.2688904348699208
0.01869290041574001
0.05358554976720631
0.7763163396276404
0.31275847660133493
0.06703725426439233
0.01167165199072584
0.7105728485311326
0.7947341769009697
0.10169980093620168
0.4075255584570753
0.7196852674913098
0.09538004628054031
0.033535774183739875
0.17833260996678613
0.9587043676757796
0.4436879434342895
0.7228170408006811
0.31273313753048637
0.5710957057265847
0.9962968356474449
0.9246132488842663
0.8667322794356013
0.7982785914949219
0.5711361044488082
0.4189944596897277
0.6496424426667987
0.6127109262374649
0.2717138634849682
0.8508898000274456
0.5766590513522518
0.5295245727853995
0.4967187605214204
0.9257902576778602
0.9489920046183761
0.011514411184222362
0.11905213605901466
0.35902945376677853
0.4623950437062986
0.5511948135479182
0.7359613880654937
0.4361438135109774
0.878317240358751
0.27828490567176645
0.42973765406438014
0.688735799477846
0.5870712020378253
0.2572248669546878
0.2854854758917773
0.3985768951006736
0.9245912192832615
0.40383850183267656
0.2384425252776371
0.8430538747848327
0.5330652088554201
0.6165487192723271
0.47650325556685647
0.16832924428930807
0.6963015206605575
0.42286563741345096
0.6391476195170558
0.9126262813387889
0.6345841811056914
0.7361267131312512
0.28914452261455426
0.699260186245985
0.44251690215210415
0.849045040481426
0.575493613009169
0.823086551526604
0.8686904753314135
0.6921419586499876
0.746077922100555
0.7629529162509995
0.7171781342329256
0.20963503590048171
0.6893612518305792
0.657716051156779
0.16147697386956517
0.3620310677757753
0.18223737008483132
0.9291438709432533
0.9262062167865283
0.6092488147567822
0.925467785846233
0.9438312126957782
0.32277504662019096
0.6388100101357991
0.23875483721254231
0.8485176872197444
0.5098000968479317
0.0953935011660918
0.099480855632194
0.6158909031303744
0.28222913818551554
0.751287388917856
0.35321682856744674
0.5779580995100291
0.4032447155497443
0.05995219701395571
0.878974685470066
0.045766737698111015
0.5294726775816804
0.9756867520653835
0.5307847095054996
0.07290680480493761
0.6629726472359296
0.4708988620037443
0.19566570638541225
0.7287454172020515
0.7353594252426232
0.7969916218681362
0.6286539080299086
0.8329847274625157
0.4268011998516045
0.10833729522582869
0.2557664487797744
0.35169720777589497
0.7581548966885236
0.9330502341854728
0.6125715766771116
0.7128077208573874
0.1989082470458936
0.013828449896720385
0.17801308621995304
0.20605315790395629
0.12808786155069762
0.4632985191277481
0.17489668538868397
0.6339982778278909
0.35837616320373566
0.7895867738542295
0.6523775054860111
0.7134236762825128
0.9280154724231132
0.6277804382941226
0.8821559178215551
0.9094967724585543
0.1725468525362418
0.009607917177115066
0.7933546138002111
0.9513416602006124
0.9735001833053061
0.3124898373296102
0.13074831656379404
0.09060499479382755
0.3985216704264559
0.08349998165387429
0.7234875718173883
0.15863636713294882
0.9777213207828226
0.40986553757711275
0.9479227858864947
0.2927775356503296
0.22043164344889887
0.9776423990753753
0.5933438784516681
0.8783522510700013
0.05014538847117944
0.04162380683422928
0.4956077510872915
0.3360903663878736
0.4731311807098998
0.6004142653012658
0.23346108568123514
0.09705159156335874
0.18177362317914292
0.6816754822212434
0.056589742140994215
0.08924396640365051
0.9222627097739847
0.6662036785593579
0.9342756386774378
0.9993814907885958
0.17573328573024527
0.8372089868764839
0.01703420993958682
0.26623068412911655
0.67199958449753
0.5924968179429296
0.8464672481832501
0.8628145740254026
0.5133577372745866
0.535670246701827
0.6180598941771613
0.6623755501378809
0.7174519699882934
0.2159347835658556
0.026153698985618368
0.653250069290258
0.8606586642223468
0.7007155850371244
0.1497785007556678
0.0888057996867756
0.8181979595648132
0.11318851236907135
0.18366627085658482
0.2999071621742132
0.7367746747378991
0.40158823842927927
0.08829324839302
0.18926349177880863
0.19148159222094296
0.3240895862560118
0.6707753168834922
0.9214909817569529
0.6150476821510804
0.8331712756212101
0.14233144065190695
0.40821760698756626
0.9639150610176798
0.38300702892392213
0.427120819858951
0.6315738301716983
0.7198558044975382
0.5014834077755651
0.1483574403222463
0.36674510960449325
0.6090325992674304
0.4825075032657723
0.4015423077030721
0.7114295068344039
0.12555662271984036
0.7895747224241243
0.8670489175352387
0.40991195093060817
0.9252861527243699
0.9349328344839236
0.6702480556787819
0.8671084334605554
0.7973943102330984
0.21343977549646553
0.8702655636615144
0.7772302251304852
0.21441466402435816
0.8117474069483938
0.4496942124645299
0.1757707697129236
0.09815851331230974
0.6304216305501303
0.3487413411308311
0.21829693746289458
0.9487780219138355
0.05694137224954554
0.9411264248195899
0.8201458519843605
0.7541814858071677
0.20222984652163145
0.934666899588688
0.8918596233539013
0.5383666660208039
0.7125609076047373
0.2699945222284882
0.995372799711137
0.9112940343150158
0.5028100490613893
0.956483886373004
0.7770547492471301
0.983729286947686
0.6027488214663446
0.2200866171132897
0.7396161453727064
0.1060929518300967
0.42773155961863585
0.5087222320696202
0.6818583090086948
0.09945046324032292
0.9258987507674334
0.9884992788294185
0.0325332371812157
0.9797453984336433
0.9823646597136169
0.11250765589159395
0.307884925993521
0.10452678534854387
0.5829520518461316
0.9906837942948784
0.5150565780746338
0.07245491955444239
0.8660143807576258
0.4721392095566208
0.9056911394742753
0.7386387148881551
0.8159429745041986
0.2643704120699373
0.1811547707991178
0.38968284168848843
0.10021125732116087
0.14046573640794824
0.9764962315822637
0.7246951174681253
0.29942710463858047
0.8774574400564552
0.27666460832610296
0.6155814938818774
0.10074112234380184
0.4191004739505466
0.8127234879554909
0.3161633444595968
0.3430479981149881
0.30856311007328285
0.42355961397183517
0.531856241120985
0.4354390527280202
0.719595435914432
0.7755765103873274
0.18944922683679977
0.744539785541439
0.14539566031383144
0.6933868757434883
0.19323302917437257
0.9643924388617303
0.631695067156593
0.9780257017041604
0.4087858142670042
0.9096859017531027
0.02123087613186947
0.24584551380153352
0.3781478665279536
0.02894303138362031
0.5299472352269763
0.37216130614726983
0.6488588410958085
0.5686548738786789
0.5224634583012907
0.678387632284378
0.12327215770159061
0.45080847839431626
0.28957472986789623
0.43118123668548247
0.7243246778546952
0.838045435973771
0.7164096979479712
0.46476783525670184
0.4625442344235584
0.6725421349630992
0.9668226013533329
0.236829144508803
0.5609941433088338
0.7695486721301696
0.9838756002342627
0.6729207225073515
0.79760215471199
0.16451095838506846
0.9791618397374906
0.7413308032959571
0.3846865052690541
0.5279119648399919
0.4037410008954623
0.9526306942508594
0.034975070715714596
0.3987139353471435
0.30789229977025057
0.40918725853198223
0.7592252500939498
0.6198977117319696
0.36539831965734315
0.7870684467831226
0.5017622398977184
0.40844988076870625
0.5192052168058919
0.446345199836402
0.6837247022783759
0.9089678192135855
0.5995865686740034
0.44339669682269534
0.42685733237807266
0.626616540887234
0.9943721910592332
0.9270560400533429
0.7580945424688376
0.13115926099447417
0.5739472380848374
0.6198426625171649
0.7473101665078422
0.2256994679416544
0.7959048110127621
0.5835362188168423
0.36831431159031935
0.5049115456829774
0.34451781456828323
0.0652473147335374
0.584823509482981
0.7003386141701115
0.9291253128292937
0.1725346289104479
0.3735942671528102
0.01893561767606078
0.24224962718635512
0.5482861849469577
0.6819821251078058
0.614765131898686
0.4130470876049406
0.43930705988409247
0.7112566455710563
0.749519117453754
0.3529083390030572
0.6875349781832305
0.5978498730680738
0.14183246546804362
0.42092660805284376
0.14697970562946783
0.46349713228653855
0.7600979464401426
0.6714579727205837
0.9706543853341935
0.7562410362914237
0.07952453970970275
0.8852156630723819
0.8789821942562598
0.2828299915831243
0.3156568686821549
0.022677168933152414
0.9112611493960722
0.023439680573269284
0.715671383702817
0.8747466473161726
0.8346772009172587
0.19481740756100963
0.3410330715473029
0.41221886632844496
0.9243753998239209
0.9758834474583495
0.22812445392060043
0.8449475842804528
0.24069729994043976
0.6367865095403362
0.5358715623111532
0.8346280437946763
0.4567220969262725
0.2165941825710085
0.2122207508527072
0.445659613855535
0.1133006158106199
0.1397844177556885
0.9860832955508074
0.8878944571186973
0.7681394841965328
0.36624955766316636
0.6167268182615488
0.887406270219098
0.11798153303132064
0.28631625305236974
0.40449665747328123
0.5069777849450507
0.5474083626662467
0.21512183818353914
0.3313704191094837
0.11413077315278819
0.7390131839405594
0.09774840840087196
0.5948411777294997
0.22564121664067283
0.9751652065282453
0.26139709080710016
0.36980970871991725
0.9947682298486117
0.8384328075882361
0.5284955241114698
0.4435849112095832
0.8013836096961463
0.09913844755101442
0.324675523898022
0.14250746004959702
0.542428096013154
0.17776423026880572
0.5389843060853957
0.22948223188240768
0.715405140679903
0.2941113451732965
0.012180663873339048
0.80824545854468
0.4207380384045325
0.9746313894691199
0.4146140325715677
0.6446281828192448
0.5750506588301212
0.12042642673465154
0.16031433323986322
0.23592048359327467
0.46347420916020154
0.2550658515725919
0.7380288769980814
0.5652629942422253
0.7287702260310742
0.863240808493227
0.838133404351518
0.1687492339632367
0.6734599524938045
0.6320208721322093
0.005755624599971809
0.07395780458084245
0.6044094728559869
0.6038996313155381
0.5626869577695717
0.3958030464709966
0.8889947965274786
0.5973846655805582
0.15556650654509474
0.3217311809866785
0.9434758029484046
0.815647709639313
0.8173478320432301
0.6949289550308568
0.5363237539548412
0.9361114841711278
0.04678353792849377
0.0368472792726976
0.8195830864695072
0.7822695618279504
0.6559945524636616
0.8768425651080604
0.6708575309542197
0.7761882626931886
0.7246667115506047
0.9955248768438282
0.2455810906360375
0.34523064094713907
0.7847207308654143
0.8469445772429033
0.20662689093376874
0.6221037533764431
0.7730102966229158
0.09995363379766697
0.13513908336021363
0.9616652118114866
0.23304566116614922
0.7970475395619563
0.9325221284577089
0.6195496880176439
0.19567228569501693
0.1675641088375347
0.8169641432697959
0.559084909500923
0.11493796572331139
0.0939646185631241
0.33495673672369886
0.8134055219674619
0.509568056069831
0.9458098582907769
0.9730417753213798
0.5935532205653039
0.23952960121695055
0.03171553715370323
0.47651996142602226
0.6898071750950578
0.24690498299195085
0.785421608695111
0.5944057333798674
0.09648853112757505
0.7841530969867477
0.032779470518315534
0.6339602385054748
0.7040795820525058
0.005348672436210955
0.9303428030573867
0.5130351622055566
0.3916559857946277
0.7072282671882755
0.9622321223461794
0.2726147065589043
0.8521615478212061
0.9338121572789528
0.03855613774346078
0.6396692352836152
0.8975918554781207
0.06389726425134679
0.01003837343037739
0.8576953671329647
0.14738394781715614
0.293254364387151
0.96397500586118
0.946544470349013
0.21955660029711765
0.28920380692892156
0.5020762948601055
0.1899377583987243
0.6619389473969408
0.8453038399499192
0.9575756843060995
0.5589339674853442
0.23642933018726586
0.24421408688372548
0.37041145605960846
0.8589518198123044
0.4245494827310351
0.25578523773660367
0.03319211998233673
0.5828667527512551
0.46601826443575656
0.8506058129287727
0.9999123907623385
0.4249136505706952
0.42457396352738763
0.9382873919162978
0.8587045713895854
0.11807573035350805
0.7344981744858807
0.33832820869505975
0.19089445127418958
0.479593506342873
0.15976969225311577
0.6692065080458959
0.11544753891203308
0.07744375944473791
0.9510574047015998
0.7752118163993343
0.45070515372286946
0.6245441434440723
0.04813548705793036
0.5647190005124
0.20924152641270932
0.5626222889311586
0.6194008315127446
0.6985295864689008
0.13361756408075176
0.9073948242630099
0.9430173811036275
0.6460354505533952
0.29136679162227275
0.7198853878366388
0.2083129721657967
0.10494966281243978
0.9027976484337745
0.8974408095482254
0.23914877565003712
0.29949769385473435
0.18288932569023464
0.932792083248235
0.8830851482165056
0.21809798437215433
0.5933828193865548
0.6897433673444773
0.56633418598575
0.5119954064936003
0.6920919284418998
0.9874877185219205
0.4943576867800531
0.43253651881208244
0.6809437334463313
0.8581503904158728
0.4079259316548559
0.5903829833822445
0.7212149670229603
0.4049742462793352
0.6727839815798313
0.39634623876572006
0.8700389707334227
0.31116987188665546
0.8489638543812636
0.9599937603539372
0.986084159542287
0.9123152872465092
0.679301388972653
0.38157037047162845
0.5429488216912439
0.5659529001284921
0.5828087221287175
0.5124005837041773
0.366609466447701
0.7258316105242938
0.4537492732581402
0.014701507197444452
0.6215453538919099
0.19498501462289153
0.6821863803749416
0.8112810440441803
0.8518439559144955
0.9222861817180573
0.42854928173990137
0.03538875564014221
0.5023934226794506
0.04362470266976304
0.037628525665201806
0.5014586339933823
0.750183281607712
0.1964747075848139
0.18351455515219073
0.7957144590935743
0.1972576248050676
0.9023054589662471
0.7657939753276367
0.34436111973132644
0.022422260500386204
0.7392513865389014
0.7285020502088224
0.32095060530841113
0.7598051807633192
0.15939667873606989
0.49966639509087607
0.46642653175319904
0.3674002151704311
0.8171355318172897
0.11253219612847698
0.45953972622477235
0.37602559508103806
0.7730220255893429
0.6206078654007277
0.39007612580820084
0.23338531812151497
0.08576556415854597
0.6852343340221028
0.5771278360664857
0.02678077469339435
0.2942831245403491
0.7419425070412566
0.26763696940854
0.5079415088472498
0.561978498450548
0.537567899185463
0.423833320407355
0.5104952952171377
0.6888195175874648
0.4931898951006899
0.44279807008933925
0.7196052230467731
0.6207605626128022
0.7288687111068045
0.8195823267563783
0.4077585561567221
0.022403224560769153
0.1445554946711316
0.9246759862667947
0.7964873526948786
0.06447871280071549
0.733193582079764
0.7509326082789862
0.42351179614675816
0.7029636502202875
0.9057298479719196
0.7210131130623912
0.969317015538785
0.5307000096440811
0.3705941093849485
0.9901380233011761
0.292484257791239
0.7870543089278625
0.7224124509780732
0.09553450703056032
0.22138044669072265
0.6398250071153162
0.9506975207676519
0.15253817506357037
0.997142066027292
0.9632285459827198
0.3864910185635523
0.3837474138313083
0.5801842777689193
0.08147829159280606
0.6402346597434947
0.8715247776515497
0.2572064782207104
0.37397897142473524
0.8273819932634118
0.24260733539043433
0.6806141168460307
0.6920596937156298
0.3778405748879069
0.99533350852982
0.799560847841533
0.33683445676308543
0.5436480413380897
0.7303792027515388
0.25359070969094677
0.7812682952687452
0.47561334077780204
0.6541470603086221
0.46587709142054723
0.8317618449691515
0.8450987201225768
0.9553773593115432
0.4321024257533217
0.2053816142406486
0.9004833194050675
0.7400152408013131
0.38471145477904556
0.044675460856733684
0.5821454616434387
0.45876124007776375
0.592633749374516
0.4732953637155298
0.7804341290706528
0.836149938604245
0.9627710033116237
0.05819574717324805
0.5998805800580382
0.25392096973250644
0.767265940203561
0.1880232022692453
0.7772761824235414
0.44678476428815495
0.8383483937490641
0.7818654362439846
0.11739159299542534
0.2896373879853916
0.5942070836014274
0.2753425739407288
0.5010232670868388
0.3727014234763515
0.5559163376867786
0.891997500047243
0.6178180283459364
0.2625829311078056
0.25900944004115767
0.15176881354391403
0.43495698020151197
0.26246379763149086
0.2597056446594783
0.17285304182091243
0.21561480619334372
0.4148835882116584
0.9965659043578595
0.21128004496047847
0.02981268370294865
0.8488821902476894
0.5653170135838677
0.9854440564977099
0.5432241053475149
0.038137442848050984
0.8362398576032432
0.22230729818176442
0.6652132987737692
0.2449357422389189
0.9101825910623077
0.49875961655523215
0.8753868101199236
0.5024987338362225
0.5829442444262228
0.5362857402387886
0.32902906384709607
0.18908893605014632
0.3271072237362497
0.9378578874275323
0.767939781795846
0.005483825990639901
0.5018125808551328
0.890159265235621
0.7607044827309901
0.02546632505388069
0.2465425191762738
0.3411920195101975
0.7927594165582545
0.037747973927499845
0.5012348839744168
0.15305105620068715
0.5641358321098836
0.32752665152308713
0.462048113539857
0.7345900964334391
0.28855354769592
0.44119037061303024
0.8983659014683407
0.8197197933417948
0.7149832075736393
0.6205476278941628
0.6795033811039095
0.3799435466767568
0.1700330292148715
0.6398945664135567
0.3774340065463444
0.9792436388640323
0.30448167897502376
0.34758737169768295
0.11998700490709524
0.9356879679091654
0.6848563926707689
0.6468331851580618
0.8201660632882767
0.925064314453182
0.07802236847912047
0.17336003776347464
0.6106978904647462
0.19877156706256283
0.16677594210508961
0.945426460903936
0.1504894728003222
0.39086647546281095
0.19106303408634406
0.8377933912110361
0.5081568476503958
0.13770882509270088
0.37893047465611907
0.6337010071331751
0.38969743315058925
0.783214786759917
0.5862796308173847
0.08311932800517685
0.23242553567780633
0.23534799069783852
0.9514552072544721
0.8713544720866174
0.17718784269305654
0.2638745876970987
0.13543548277787953
0.16294370594719332
0.23499538061197023
0.8822218868720015
0.05703004454966809
0.22651366292053154
0.008583507113555378
0.29326393887664737
0.1825004875361509
0.4946710686392851
0.8568096812552628
0.7415443564092902
0.9513644555200528
0.26284321244813014
0.6565626001772424
0.5299335623849064
0.7920074852296018
0.8804538400997362
0.8637135947124542
0.6408234133100218
0.8951206956298474
0.5445317619616971
0.131718084168024
0.35867766906212506
0.07019761582361805
0.2859930230974299
0.4395948735791608
0.81857055535984
0.762172373833579
0.6723801560748778
0.21622842471816173
0.8835990726602735
0.5399727110810232
0.5945711899918964
0.5927041028859492
0.7961646483729866
0.39058353434077653
0.2522420272301076
0.5669793968938527
0.05528025068369791
0.2637118793864712
0.08469363094928384
0.9906482671530111
0.5827111164356296
0.08052271851869186
0.09844987064917776
0.9189039061579972
0.7481124021490042
0.6059683621547486
0.4751203370730176
0.7216559365812172
0.9378123429618344
0.7035059304192897
0.7007997652480586
0.009914998120158725
0.45139429320634183
0.9923222249671354
0.07169842214911026
0.4221147187877209
0.5298847937682607
0.41561278629680176
0.19405349933640925
0.41466636900616805
0.03720080670990822
0.5918451231332942
0.6797171392179882
0.6901952185951205
0.8259155044399454
0.015490449342610013
0.6180686826729508
0.8922019169064852
0.6939059306953024
0.226144902301063
0.060627557208346006
0.804082998114824
0.0034309820886511133
0.7918019420059393
0.26078327924007827
0.27129892160478364
0.7522579176091947
0.6899608958246759
0.7343114529595315
0.337984734477618
0.35916776830698127
0.7029716583990926
0.6645466984549003
0.2709932836713864
0.83099626882449
0.3338150273115613
0.6683673796627285
0.9007201403632431
0.017909434376203626
0.9747725178394802
0.23177412612219594
0.44142229639469355
0.5322529443922299
0.7460767246841918
0.3155295063043704
0.023391469326830117
0.08737586012792231
0.20617542855220683
0.4014498421199967
0.47617522713136595
0.4762189554696449
0.16659020321745943
0.021701327573015683
0.0689254119868924
0.5620233267401079
0.8003642183504585
0.040411629356048806
0.21193256461090304
0.9656003540367134
0.28541786918519485
0.0702030874443309
0.2629936655786045
0.004513975753405175
0.041692108149163354
0.18765339446811502
0.4254205587266625
0.46128544579883013
0.6180413893836446
0.2280365886917387
0.9668864043492958
0.6798888640090847
0.7430498026350371
0.09312837182105049
0.7220527670395027
0.08229626573968529
0.7130932875001658
0.13239876944821138
0.23064491886111016
0.7367200545754307
0.4067668610755708
0.9436303823499171
0.33103181877776167
0.31720686265764886
0.0010118308228823647
0.0944690944009664
0.9176339517241588
0.7180044450951596
0.5031383403432653
0.2678004677652588
0.3012180885722573
0.12026899027893134
0.30865846288396426
0.9286170730101274
0.6305337177211953
0.9772617839928741
0.179575738639837
0.6983456837001487
0.6893911294029781
0.8225091499032149
0.42931141226175984
0.7625106229364805
0.9285566340196808
0.8977475627870856
0.273958260611992
0.02887106413804663
0.5336485112572116
0.5036926529775553
0.45475715475878853
0.8161644167618942
0.7241215118780682
0.6242784492787056
0.1509739967072412
0.21031661077961805
0.15983044716597206
0.4354910956253313
0.4855346285091069
0.3593247420435606
0.17022275568430167
0.4266629415802735
0.9448112760953001
0.24202100715551778
0.40339851865954235
0.9902999881160607
0.21178675992346296
0.6905930823429789
0.7556789336604384
0.16334214851213602
0.6020448412246375
0.812117231051758
0.1268041536533444
0.5099059386371901
0.49781432446077534
0.9595316066812765
0.1486836302129908
0.06965028389823313
0.7605364444924284
0.48871277773101385
0.9382884160539419
0.9959912461453968
0.9614633577142232
0.7242793980472212
0.8567310803094165
0.9350379416020106
0.47914474494026804
0.3278351469622087
0.2171493179444517
0.6316902505812463
0.1112598394225427
0.881931813962075
0.04081137856094419
0.21974844293348927
0.02045696169270461
0.7963564979736452
0.1622952914956236
0.5223928294500045
0.4614866852280942
0.5723478732916905
0.4135577568181259
0.8682732331897193
0.11246380175816972
0.16827071279976424
0.238170246049905
0.5848098522755807
0.7089914539607515
0.17750226931360968
0.8323444278614353
0.6231733662714526
0.7684638402361881
0.061773487278050654
0.9785765602020865
0.8016607547911333
0.9717084605589995
0.16973961610054833
0.910123247055882
0.7891220275145774
0.23144238091679326
0.28806989292831753
