0.701287381258681
0.6622832275398801
0.06037824628772226
0.127869522405903
0.9995482666975977
0.8359353173363708
0.8167475159075394
0.3622562898140752
0.2777442585210115
0.678152662885992
0.3588255213596826
0.4995780069220743
0.450960406469905
0.6689987168731002
0.24573003633482315
0.6136960046198964
0.3920945093914746
0.2062938026594502
0.8190409870533158
0.8963212919813918
0.46961943811551465
0.7209085868577383
0.9267993181657495
0.8831260717554684
0.4122510360173447
0.8410019205538716
0.7894272112298041
0.781668274310921
0.8423387347583466
0.5077610397560209
0.15464950935312427
0.9172640214879985
0.7321109088818357
0.7792006945667175
0.23418858448778357
0.9187931759469599
0.5872356921308797
0.5190304028021623
0.8944956979744164
0.367478662965804
0.6618697056941013
0.018142045982986965
0.5361073434800374
0.342393482735877
0.6333481968875205
0.2484406021692671
0.0702269474101449
0.10338952896802256
0.1669492261182881
0.13116026355881438
0.5373199963571603
0.9641338554260642
0.2151417095570055
0.7951838320628409
0.7717167835275542
0.7844574270287223
0.3171834689298906
0.9286225552377085
0.27760971020099745
0.5029025085722407
0.6252044358938597
0.9383081662102827
0.8202304813039585
0.0415265116385094
0.5400952696311105
0.8631175446762224
0.7118797407194587
0.28795801621060935
0.30281111157997
0.48227208287642886
0.6013959900426743
0.7527753781252211
0.8155958307509709
0.7733917805638174
0.49714574690420676
0.9952873470245076
0.6765633906270242
0.9307550270715319
0.7386631625522955
0.619466474832457
0.02328583199091072
0.08171846130504823
0.4655751070840477
0.9011146613908199
0.20208195086045344
0.21681749927909377
0.716408852517122
0.1546499373542074
0.7086073711212357
0.9759214139717023
0.20494164483146338
0.2133327666615632
0.36622236465127067
0.4490820460349776
0.624720389510369
0.09847227555346172
0.5852626305477447
0.7202949611513879
0.9548837143401037
0.3382559558891005
0.4064178507349352
0.35609086100925347
0.9086967100416838
0.48685601601011863
0.18397025416872437
0.10727608362874397
0.5941357926184195
0.7108143221677987
0.6402183283957191
0.8041707747628545
0.9642702252780336
0.9194987767100347
0.6353802787761801
0.7059232300492688
0.899728561113012
0.8327966837538339
0.7068952885238641
0.5117730671386418
0.07533986554712824
0.5691310760332395
0.12061621602968875
0.8223381628461697
0.4210565495121723
0.30868884859254164
0.30820680681282897
0.7160646821994112
0.3616741523102691
0.45650101472221116
0.22727548019734034
0.050866360508992514
0.819787496857012
0.24870426752247188
0.3029958124413573
0.2182080739164981
0.7862224992702709
0.6831085765271437
0.9534226216884093
0.48812082546054203
0.7047730433602997
0.7417020647342388
0.7366503775172534
0.6487663450075589
0.13620666231389233
0.17426568339415027
0.932718011105534
0.38029646134970385
0.4598969002145088
0.9402821840716544
0.3351636095657653
0.9694384055104095
0.5703935263774309
0.9942342481430276
0.43339839786298684
0.3135855821013641
0.8808610163692799
0.0957523067269116
0.4982720376753549
0.9980522366979228
0.8883824096363145
0.6392349710584577
0.7881412490014804
0.853841931703107
0.9700993894348343
0.09606194054435802
0.6860596841514804
0.6901149598442055
0.22036369575246628
0.9625410343273597
0.35343256758839137
0.3698563775300858
0.12787145706841385
0.5762397831723264
0.9430517717442157
0.8931275863884185
0.3851705908642623
0.16743503621926514
0.7767569788988589
0.5174767466200894
0.5554430380531837
0.7001578887631803
0.22396060134387152
0.13404086134210935
0.733516783402571
0.576226012259302
0.16810373213086705
0.7824631872610487
0.13853221289955575
0.29559106255933465
0.537045115382831
0.5775083097929139
0.8591121176719575
0.8319017496777964
0.08394117042896909
0.02939321088118496
0.40489291752930057
0.6026011851328277
0.1671588841857411
0.8454498277235245
0.25658628129147254
0.615067157897716
0.4258065814822142
0.9844934685410229
0.9281731438100571
0.6991333778912667
0.45745294317413543
0.18777624479139354
0.31889687379286835
0.6450003097048339
0.8066697435096466
0.39091168985114066
0.6082950357441012
0.11418875675221529
0.4197786405768885
0.9444548306128583
0.5485073076163188
0.7456946316384264
0.6379402360583489
0.7335099084464854
0.763780994550857
0.8266609764940426
0.5914130002137425
0.877818572943543
0.8902941476398728
0.07220444997160791
0.9444202436350655
0.9755332368042428
0.9117709908372184
0.18173387042141176
0.0695351562193306
0.5424140050584069
0.25837687228230355
0.6085822839655569
0.46803626277188315
0.529176522862001
0.9024707814201547
0.6156025686000125
0.74698769021525
0.8187539616703269
0.4192100613094577
0.9403149645416075
0.34429054104491386
0.0009422487396637536
0.9674990045791633
0.5919493913688103
0.3120988515866452
0.7767417650694208
0.9769984337258328
0.951777481440448
0.23516513903859448
0.30551088781305114
0.9350755388096098
0.04138008405702287
0.20186165879200557
0.1014981928244123
0.6830928382788727
0.21605342688107365
0.8326227000147498
0.02358739055559167
0.058649457032041497
0.8487885300152352
0.07175698223700089
0.6073422703389658
0.5107311286288497
0.45286102728524147
0.39018142212910034
0.6109245421239629
0.05125846194369077
0.826813215664393
0.5633160860055765
0.0626114719193015
0.49697223693813497
0.9045575842379497
0.1387971318502509
0.4552788243000385
0.902771534309045
0.5940098363587194
0.17351298692161032
0.9969759410298944
0.9498998200603848
0.476827547571419
0.5304274303790287
0.4846781584766632
0.45038755114863416
0.18837976612355356
0.35126168481964326
0.026763519911561673
0.0741269694332749
0.561891050247243
0.22250905066481597
0.7799649655093406
0.5886835896724418
0.2966900258187275
0.6571305075181678
0.9173521638411557
0.6575830842670953
0.19687549089092626
0.9728980196671222
0.2303040787340549
0.9351757057850786
0.9555277212375656
0.09592090346752791
0.11349386840007514
0.6253676340409638
0.6017064216926489
0.09235545228926811
0.10093716449868628
0.47635612837765695
0.6522075346353995
0.3467112327547508
0.2993102746049695
0.9853040474627797
0.6977326065910148
0.08616992123445089
0.4301491753516974
0.7764813677470331
0.19889606324479503
0.8347199032400866
0.8245907807218086
0.1374943951136539
0.1963461979616986
0.2622009217360738
0.22542100485387995
0.4660956755858926
0.6054580313130812
0.401524826296247
0.15914901789077185
0.16208680059312008
0.16335357658732375
0.45647045919110973
0.7584279965816382
0.17953063790683077
0.9469909722415009
0.03099531483734197
0.18411547189122646
0.3816996817480406
0.1137135726393067
0.9370877284653127
0.2447985953962628
0.14406960920831868
0.8663413754561244
0.09600704826794038
0.9022838396553958
0.09629310993708973
0.07996504400819238
0.22071088965449914
0.03686799682180586
0.8989125625782137
0.6469314620644167
0.26890416850489907
0.28854761120707617
0.9589453569715266
0.33454683724890544
0.6546241392282091
0.777078814079986
0.5394222251643765
0.349529596355723
0.5773429435833894
0.14825927513863635
0.9602114748764073
0.6550964700285808
0.5858995996492872
0.057537230441924825
0.1443751622067172
0.8349220683306535
0.6271669970553135
0.8343785750529831
0.787076656923234
0.3938222331889676
0.5881560384977653
0.17802363379767294
0.9233848154936797
0.5613860558867695
0.24761686039101627
0.4087793069103023
0.7652215603030834
0.5024867048174119
0.2625884125527498
0.2087724371196631
0.21771852336554176
0.3801728045085656
0.7032067046121977
0.7988251615615538
0.46620840376169803
0.619414921774221
0.7558909443182458
0.1723728187141007
0.9418388248873092
0.10870651361106698
0.12956308095382107
0.8015355487189308
0.21255124557968086
0.4539149731210378
0.8468587712713088
0.8659271531602878
0.3453424237588383
0.5736438347874268
0.30332838386144256
0.09781553484966143
0.8197067494975675
0.015845444314523838
0.6846140768179747
0.39750557462020353
0.7811683513870902
0.6839934195086866
0.3602619078642124
0.8319691674836066
0.36693019526752435
0.15157302498635938
0.5164306079483574
0.3554595867886069
0.12779594874759925
0.7128444768142156
0.6733085847750206
0.5316346201494265
0.98876830056689
0.9181186476680291
0.4696281513030969
0.9231156935091164
0.9906554128632681
0.5269720431738885
0.9941127942800838
0.2516322410581371
0.7088373387637333
0.37599125602739814
0.35136893162377536
0.16960539680077813
0.5522143902455179
0.2613059002993996
0.8420369181091384
0.9116711276577465
0.9527185709627296
0.8913387411231593
0.4126447497589947
0.4508157223504393
0.8922120480527809
0.5879910106276383
0.9429894769433883
0.5587702396927765
0.096483476084823
0.9852105689314282
0.6112939062166443
0.4413227826217607
0.2917722447190122
0.9243000349567181
0.0796520606845379
0.7630436493952386
0.2781844839682521
0.30111190220750605
0.28156393504791644
0.7072124517915169
0.22387688113496318
0.38288088511998486
0.9281218790808425
0.5727682896743757
0.1382760407229504
0.10517546502272213
0.40739662578476066
0.27773134738159533
0.4786178878480004
0.10583972433052802
0.03159930650115805
0.6573443530912587
0.6942033811817706
0.9048156588714402
0.1757801247373203
0.1263009506478805
0.6448673187016162
0.9334756987413799
0.06397288670905521
0.3552334128086446
0.8357799714861713
0.4227058626907054
0.8277217122291637
0.9360213741130717
0.18010606604154422
0.65506862623716
0.4525434513928195
0.9721965423106742
0.659309142319322
0.35399445917532846
0.5887173420444836
0.3135389995402581
0.07522195186075586
0.34584808532784606
0.6784454370177273
0.92658628413421
0.10659670844645597
0.820986019396325
0.7878109425761745
0.6333786061840031
0.8791751676170907
0.5275450462581441
0.4359173346351286
0.5876432641176591
0.3162101908659277
0.48604452215535343
0.7629490297107795
0.2395595746648277
0.9076229080799102
0.2968552842471436
0.5600777054599634
0.8950270344912226
0.6137909252832506
0.9854160868721449
0.08315284634199926
0.8053293202542708
0.8440374701861469
0.24447080105116759
0.8091047886615351
0.14493142254801517
0.1862525068805081
0.7077099988898831
0.34148842130757895
0.2971472272762744
0.7489709454084151
0.8046906964210729
0.20045661460264486
0.2763654272138184
0.0943219354205127
0.05666232138463689
0.2091063548215336
0.5660581491832833
0.6640365759795871
0.7965983619033632
0.2163001885289888
0.0301548539253792
0.11670449315113518
0.8136651829001327
0.022912555544545743
0.5082263865749556
0.8265757405319007
0.3248735539630444
0.6938875005141367
0.05884472103690641
0.814834316114199
0.6433690866227376
0.5704382554628322
0.1218084322834394
0.6947799010473629
0.025709514248811294
0.2895671045742936
0.5185659857866026
0.7303068792894765
0.49135400148614283
0.0854990024615353
0.4848861013547332
0.14316306280608126
0.34705710567862935
0.8164332178479999
0.2758869609916572
0.3630418799469819
0.4774834529840264
0.10988341369468213
0.7378006527559386
0.7871844112017726
0.69879822574538
0.6071651229842709
0.07631094353017986
0.4991348845803987
0.5219110597116303
0.5270311309520791
0.5188700617668981
0.9946579423972316
0.29760711357366143
0.4216885624882549
0.6494170381080736
0.862328153639334
0.5318183609996332
0.9965086944950409
0.0697750148084727
0.2005699138927064
0.42685977411623854
0.2039788835585431
0.019377058761195
0.11179512738846464
0.177160131991432
0.06472076991168052
0.31657354433127793
0.08338721166726748
0.386100796675239
0.6100694701200157
0.27311415051579013
0.8983715351557633
0.3929310759155228
0.15553498537928634
0.9980827772473854
0.2523739785255926
0.1478403543761022
0.4922072825379519
0.9270409334728364
0.10470605901860708
0.5843628271074378
0.4962027177739403
0.4689973277510494
0.8934560752652537
0.48646535784041145
0.6827171590603667
0.9396100731784663
0.6408388240113064
0.4358376987697865
0.9849793240955097
0.885327606108732
0.4685936922081837
0.5200387816779889
0.5903902116543318
0.2533699748058481
0.5449810156573115
0.5084742528943977
0.92172916964481
0.2491277979436356
0.3185285362385687
0.755404630740885
0.4326448297514811
0.5649553282721488
0.94477290859471
0.8270128106437359
0.5196024385892639
0.81336097697316
0.15467602283856674
0.2718555217722226
0.9368029095258498
0.8435582395946367
0.676456189180794
0.9938747233833574
0.10317300771416027
0.9464077357131063
0.26047994942027153
0.5582756809509237
0.9170613016467912
0.4300223772034846
0.23243072826053124
0.9244974388471772
0.5451025667714349
0.9287089117113875
0.948394650549112
0.7925017697731456
0.27462450730154275
0.5305851982805594
0.1771757486993798
0.13535128379749417
0.5815613117867154
0.12723612276806429
0.3938793805383245
0.33892834159780894
0.6770547623554157
0.7501225411234341
0.8440086606531466
0.17522280654368227
0.42792016505677866
0.6043376614832447
0.186563010843095
0.1966514716846094
0.24017412216887912
0.9975221269724525
0.22587063613755898
0.33111752882156253
0.20770960789860227
0.06244097778851576
0.7653348892495625
0.7070933525024241
0.7189781629793893
0.9329308127910969
0.6375190896397448
0.18951571025926683
0.618572394335162
0.521422314246259
0.6202796486105114
0.6654815142158196
0.7995514902491266
0.7187432133247054
0.9132983351600774
0.23024270514292366
0.7629413235740939
0.5768227736394442
0.14454294049595706
0.46831256417206557
0.3735677107518057
0.5521183187998594
0.09495179763818484
0.6531292957161484
0.1800068582958707
0.4752802512499582
0.724380514608857
0.28286484720021277
0.335822774841117
0.33664214599678266
0.980565436662701
0.484476433418637
0.5462576206519811
0.5126013087391427
0.6237779086949072
0.12685104321255714
0.10216518027381405
0.6609670839301297
0.7580963900355976
0.1564459740193238
0.15218332147650027
0.9026405096105349
0.46050722076020967
0.1455542808752499
0.8553901605511914
0.8217913104090163
0.6579657767897027
0.4749647897252518
0.31844946276148123
0.9283865438770891
0.3291600885983156
0.3420797477726819
0.7570236201443145
0.9218386549963765
0.1069555674257806
0.3787994532387805
0.3272801963952513
0.1522500640888358
0.929465995266126
0.2929131072823916
0.5974484400563915
0.17165368177897766
0.24709957450313813
0.9688020147736589
0.9779042079219317
0.15559091202712783
0.09247548382874582
0.5352419888268993
0.07264813522811675
0.8525027466360194
0.2765947057516871
0.33828617026648744
0.41471716130838476
0.26715302387441187
0.43271053793245184
0.9074942778397813
0.9335128973051581
0.9213393780795146
0.07186608925531912
0.1861566937308572
0.8220885248515255
0.1318167203399021
0.13229967090647332
0.40864145927970175
0.08584608188002252
0.627356198275323
0.6943615801889016
0.06366788611445429
0.9764602784998337
0.16895426622458132
0.5049433104694575
0.15563816801568486
0.764787399012751
0.29839999622405944
0.5780317305348321
0.40792422588700905
0.7869074420600132
0.20579566901316193
0.7163147959579598
0.6417021296522788
0.503855940892014
0.3965304146020999
0.5517335957390339
0.9172605694113254
0.27707351140670844
0.5475052923866054
0.46035415711442806
0.3621887190420209
0.3652552911306508
0.9074581080606523
0.12789365426503474
0.4618994745013332
0.7730761538634894
0.2643934182197286
0.5361347816411512
0.35951162246163026
0.18518566861982522
0.6743411705261535
0.2175223435374014
0.07927826778842961
0.14449243127891442
0.7367941262671756
0.4127918472702199
0.4107783204809753
0.2785771317073721
0.7222795858581894
0.6796551108007735
0.1594407523039677
0.26400268357745227
0.4263135768776276
0.033574847885231573
0.5959511664960392
0.8161631773659924
0.7814857181143162
0.13551037282301515
0.8004095358831487
0.15170355570431227
0.8846647851980637
0.818047293828146
0.7449218538891476
0.13307774483994472
0.6650688429238842
0.2748390460234623
0.7269182935528576
0.6074137425474297
0.5251799370832774
0.08264337011522171
0.4351457009069136
0.7338541238323817
0.9495118223991477
0.3810052221736768
0.5725344752749993
0.4865275028477455
0.888133178371179
0.12658915950774496
0.6998567643970656
0.2912735237175911
0.9945329171321071
0.9159569837770059
0.7525386776167544
0.3203066837091155
0.09637812133731705
0.8852913592101653
0.3211700125039464
0.8235225688810357
0.7948238275276831
0.23661160667010195
0.7122080134821146
0.1403266179064494
0.804528572925407
0.6525578925396996
0.10266711744252632
0.5631599056908775
0.2676527061186409
0.7773799672292324
0.3746705342472698
0.19813315489619177
0.5520720963025116
0.3043106623016262
0.8750790737334776
0.9666282288157899
0.951974923000042
0.159035783819773
0.8964513178201837
0.10280572848168412
0.2686307338346393
0.3031851550041166
0.21225906913987413
0.8643446482264077
0.918022351165935
0.8908596951061504
0.1815056703611263
0.09837855408726748
0.8432415141025044
0.586245568089825
0.04911728523695447
0.45924962801472824
0.05388291058440564
0.9454854427513777
0.9161669495561253
0.37645479515746183
0.8767627713264433
0.19731606821231962
0.6365256665927554
0.3338268058310493
0.6543584164364364
0.4970762928236834
0.8018206475332379
0.4964084564491529
0.6950603959601841
0.21877602404392626
0.10569113496411031
0.07540293851087099
0.5779755821862683
0.6969671867859181
0.3297052700672307
0.09322620355099709
0.7390649653726458
0.13842973521616175
0.6064830955496935
0.8279737264539028
0.8387276175635244
0.04020627479576422
0.06391957908521884
0.43130727467729346
0.5637252446226841
0.9519748608161672
0.8230376033691302
0.41424058497943284
0.2873370842759706
0.7164195185680998
0.2993903957335968
0.3681940326070049
0.13772456788023624
0.6857579574251873
0.5844406829425594
0.6845555475436584
0.5878245878122065
0.5549407781806034
0.778297482921745
0.7921021709682285
0.6813447715768881
0.4785936597945366
0.6787662511886947
0.619613350375535
0.2095764435643126
0.7535756461508264
0.7851480194620954
0.39374305546901345
0.9397499229547482
0.3019578444462413
0.8521457635522333
0.9365137106499657
0.5696722731623218
0.4949288666459175
0.7045425378549525
0.02533998678221472
0.9488925028022479
0.6702276419314602
0.3459495195195743
0.14339690973452546
0.48362580844153
0.08484528629769528
0.007593739030860691
0.5666018383077175
0.27230382038631273
0.6838120356407779
0.15433981176431355
0.7318021869182235
0.9630519750286181
0.3022979410017287
0.3901311602844305
0.6568233379446963
0.3548571519918473
0.9306308524624308
0.10368379560681207
0.33799071693089866
0.18502062289913146
0.712882600688128
0.7417895957359827
0.2740412226908123
0.2410554231156259
0.6012364711800487
0.42147924869891906
0.0855205229846383
0.23269337580298122
0.9304574175753123
0.42587293090570677
0.31548805455840667
0.774180333141025
0.7405368345306117
0.01718135950611499
0.19272670197156616
0.6539285911200688
0.011184261332234602
0.48342352624296014
0.7970693767762195
0.9735229286294323
0.4980827174480057
0.9197906574726284
0.5864397238815424
0.08142764365089994
0.11478476063454468
0.7556134858842238
0.8080992345639426
0.26567160638646337
0.710453896745941
0.4590575539302605
0.9056043117146345
0.7002182171946979
0.6276975618451432
0.6715338303448294
0.8863076787301769
0.4730720237936289
0.2409819186606701
0.04748453964832411
0.6874203735777643
0.6530359584827331
0.3765637334165871
0.48809912687470436
0.8229416961756425
0.06317203775242941
0.2164482667385874
0.450979829315057
0.2701828285266984
0.22696265760496825
0.7686496698167097
0.9197184181596383
0.0022372767996508003
0.1451429000409693
0.33438657338160893
0.5792705917438609
0.2627820768764384
0.24065198192753523
0.5118374785963171
0.68013910917607
0.9506675538864701
0.3143530288010058
0.5589361200906778
0.9731300054706211
0.8724160081087186
0.5148422015480102
0.44067340640455455
0.638877258114506
0.8186208722941243
0.4245751654419454
0.5990651220677294
0.3767934087927728
0.9412354586655471
0.8448285053697583
0.22099767203038578
0.32959202423301504
0.7778181845765608
0.198771892189613
0.7326516635854571
0.40311503692533446
0.03249166243697077
0.3124810367457208
0.7917720652698746
0.08600099264070316
0.025474348228513688
0.20234898615209918
0.39998235297375173
0.17511550113842234
0.6658866915044098
0.5165196816619604
0.8769152224980795
0.7614899948515464
0.3043218000081348
0.545680177521289
0.4605118518144664
0.16213445121167236
0.7405163773867414
0.3138351099381542
0.11677274686137007
0.666551437382766
0.9881682162246457
0.44101303897705135
0.5546957251238703
0.292626378343509
0.8952379989483389
0.6122831330719728
0.33841227968877063
0.48226917235813116
0.35787076325568934
0.18392334312191871
0.8850752359283406
0.26248902109257277
0.25210537984844794
0.33261440643522056
0.9553546402490223
0.9359254720137162
0.584173535081068
0.2518778455284323
0.5429209545183528
0.28907220323495
0.9828518339606934
0.1650125763164203
0.7532511085340744
0.44153932515795136
0.6824233155480529
0.053650355147738416
0.40910241552360016
0.13459843240023672
0.5978630171634706
0.051216065845995695
0.39561620234145267
0.038464603053131596
0.16070954154171757
0.4737637720184119
0.17210206798725514
0.08183683697931854
0.9628565719750231
0.4913783881868127
0.27356377265839493
0.630042846859424
0.715188387244346
0.19253661304113312
0.3730131769441769
0.0038407837301349668
0.24992428150298407
0.730504261799648
0.4388310579568212
0.2787334578890981
0.3549575272340594
0.7007229263630916
0.5825196623111408
0.5068916506079162
0.6523337727355989
0.34421503277476295
0.3290930859232024
0.22659973659661092
0.4374208185473404
0.1691402207694227
0.4318784703978712
0.519972247899337
0.17875432937339486
0.5506058954813181
0.3522102535234808
0.0673192102638922
0.6071333398568503
0.05208159700914361
0.18901220430957366
0.9646806577949157
0.5782325153165534
0.23895271452626
0.12146656687165602
0.5532137483762682
0.38869135973094027
0.3662097048251206
0.6954225685079432
0.8497135670958299
0.3625359873646523
0.06301816394172877
0.866068608671558
0.08936652236027098
0.12415050824623375
0.08370157348452667
0.042769516428173504
0.5562423360434099
0.6926351161657937
0.5991004898642315
0.6410146885802254
0.05957769223064302
0.5666943273925739
0.4730024970067831
0.7991499478566363
0.6064342872093158
0.416154245753247
0.6654413454174715
0.4623906877490672
0.5533824884032238
0.3401366563402739
0.2373156881915638
0.1558839934531201
0.9885112782136672
0.40557727336736116
0.8393289682166241
0.1674900059683787
0.9800990473100799
0.005004293205860932
0.08203870267522118
0.19933629833766187
0.49485134080715754
0.3269112865350542
0.42780424136486084
0.612959578859334
0.3369057860936059
0.9548170531009246
0.7341231554136026
0.3315451084516118
0.8369663517694714
0.12706542056846581
0.08419843763822932
0.029604998464756616
0.8987644257510838
