0.9511628553459531
0.8051626380446706
0.3264964771177522
0.545455548867406
0.32669845798007335
0.1094672355307581
0.6064235900487472
0.8622935572948286
0.3740194801147696
0.03881072817708364
0.3776975799984136
0.09184618331306094
0.6589559407588667
0.16911689402904417
0.8174011024797636
0.5949189463385903
0.7286694718851995
0.7999769634411356
0.0020119004275572783
0.6140665149362262
0.5771561658305833
0.909746227278406
0.659101955168362
0.6407599386787394
0.1880309071883316
0.1971825423521164
0.34332035361537216
0.9728719914011301
0.5088877722087414
0.6229852418168265
0.722570879910643
0.22213396117031936
0.5002253990678458
0.8035620971793904
0.6218513502710634
0.5011239006858316
0.5998204921167881
0.4749219617368188
0.11206437419011284
0.4994249234997432
0.4090177249278565
0.1881401762905226
0.09836879964517176
0.23603991949154957
0.23814434476060842
0.410849947924924
0.22739327591398395
0.9441630017848062
0.7635848186501951
0.15449658219911455
0.4893219647077235
0.24052233828464242
0.9273178863682706
0.27044962239340975
0.5075175365041353
0.1168734859229329
0.45134797631359624
0.5844402917105815
0.38925524873898365
0.12289805519869101
0.7187357558237014
0.5336236763805626
0.285063436922403
0.2815166280328002
0.8393964663512185
0.8218253083437771
0.6770345977428497
0.8340697261292461
0.4697276949169198
0.5050518486755026
0.6820675684901835
0.9105339302630112
0.5183947349041416
0.47711915638069313
0.7864495217509195
0.17277102334337002
0.09488065207743979
0.08025417724383033
0.8278475210158611
0.23060087177611288
0.5734814955872041
0.08757063759269001
0.19261766806423097
0.32230614017605674
0.6452685559065932
0.9532779980831849
0.34438254595673246
0.45853503103413595
0.8502694499465572
0.16376611538393704
0.8547668491051418
0.006347270418066819
0.17089968493794783
0.9755513075519295
0.4872210198121727
0.5239787411841677
0.5785732944996849
0.656005549747446
0.9149452475185872
0.44409939038165247
0.03248781288548852
0.17928368508874093
0.5469564887954584
0.8982214228194341
0.1835643063890553
0.8431722029874846
0.12501047074393945
0.04507629675227831
0.8096532412677736
0.2207864713145271
0.16198027376066593
0.35085938667980665
0.1265225798547327
0.08094609355479743
0.8986451661895454
0.7184920422327179
0.31656971642465737
0.2494010992083604
0.22919017463233649
0.021816069652207393
0.3773139086460975
0.18953328285961613
0.7494039106701351
0.23871678692608778
0.4994315419994404
0.9296681011826837
0.8378950337179608
0.7621414983498305
0.7604229231477955
0.2772457370343988
0.13021051810355055
0.5395269348724551
0.2349350391085051
0.7810464601095691
0.9155131831009702
0.21208357865055016
0.8304064171604625
0.4266979153649436
0.5483528012211571
0.6957954280941143
0.3862867194209556
0.6530488566719512
0.7729376723060504
0.5660685518925462
0.9555202323701338
0.6181825449005045
0.11164076058542616
0.8593535812464966
0.48112449139424107
0.1956363362908069
0.13335901116110604
0.24104129417952946
0.43604712821083536
0.04308748848956534
0.3762347285614033
0.10231159424523573
0.5104000468864317
0.5225445857506696
0.4528995596091595
0.5191454747274866
0.589284796784131
0.605000303082907
0.3151285228595567
0.11402811203348129
0.13468505587134705
0.6424490860371717
0.6378944089205786
0.7030051379351817
0.21223021339785253
0.3786604133738555
0.6780355704392877
0.28231003901991936
0.5322842464317968
0.06512466490132895
0.368385600184052
0.795008535132777
0.17970463439368445
0.09597771164085822
0.9028110539237133
0.617358105446623
0.9004253959145458
0.6143515439275158
0.38604988521411
0.6508541379739798
0.12056335860313272
0.09838890437860848
0.7343419704601409
0.5786904156174059
0.9955802241127372
0.8384474287603325
0.2910918143759429
0.33906702227947183
0.05460085847094609
0.009391069608842062
0.5398585695550622
0.6896644097392944
0.9924944400419328
0.830166962331205
0.7329239493805466
0.8735357109277202
0.029762044920675024
0.2911324879210385
0.6840871387821535
0.5147011888775763
0.253927547723936
0.026861439846107227
0.640230054639676
0.5716665352836707
0.7262097875676793
0.3660604936541596
0.4775741122978375
0.08897805851721197
0.827824007538565
0.4821153791922418
0.310109253522745
0.14371520418874573
0.2273540401972578
0.9284624375022368
0.7024762339055569
0.9937073162655432
0.8809485056541672
0.42203029225189836
0.9263145702351088
0.8232976229465524
0.9315545790167661
0.30619584665985133
0.6727801688313574
0.009047500940093545
0.24174941347418943
0.6931292559064264
0.9737911117128166
0.4977581751231718
0.4092953579468195
0.7741529989286136
0.6895278456866797
0.37047749861656865
0.2385737669743736
0.7075565100066942
0.06654771251204694
0.355919013777387
0.6098650132261101
0.3261866673855446
0.4565531892556388
0.9195853057959631
0.5652227835539056
0.867602060424777
0.245487537353689
0.8102193991555724
0.934669437099489
0.39713655838479367
0.6372863296707693
0.009117104904468154
0.18194591804648774
0.6100535665404752
0.9448537787177705
0.051167084368694216
0.9780191391774884
0.3681514821070416
0.6392621015889065
0.5696487134839869
0.10870312193968545
0.8976864621950187
0.6547816280294221
0.8569240762610598
0.2192716179189953
0.8928407138033603
0.22764531237688201
0.09498212498989977
0.15400991559716581
0.21243725752707276
0.4491355768903488
0.0822407472878317
0.17844176671518852
0.3939217350679515
0.9628935276780044
0.9315802593007801
0.9113126415946562
0.20779255366658655
0.4334540123764692
0.3702165516917315
0.9741901874655303
0.47744146767996065
0.8467390832225267
0.5417602977305267
0.3189709087044946
0.050321196784956945
0.38610776154680515
0.8009874901175807
0.3901040499002226
0.3012853648582855
0.1404266212416262
0.3221070020570411
0.6186111753585938
0.38324915626012734
0.31190706553500214
0.29761661591606847
0.1372225986040121
0.7123614575868844
0.09344941676362062
0.5650155253302115
0.4425404498540244
0.1550970600847582
0.9849287696734463
0.4972400525373891
0.606939536324989
0.4924389666119836
0.22501257775469652
0.40525311240417683
0.8424670842225194
0.7177562738828196
0.8293777431085293
0.12251649946899512
0.3211283713703239
0.5867600075890361
0.30062858975446427
0.5827645458193774
0.49431167556785716
0.8210455314962883
0.8211772627473614
0.762144869639414
0.3603681897439499
0.8274895724523662
0.3430656849255369
0.9487407006674976
0.45234114739001163
0.412433747024577
0.1727642613136655
0.48476532531718
0.05137843367679751
0.7664048908127561
0.7462829018798404
0.04823575584582618
0.4737977029624252
0.08759629989831652
0.7268516792848341
0.7597002051367371
0.012748103303713898
0.3982391939483355
0.19230581481811615
0.030496798403800485
0.3440096877847938
0.7360924066227857
0.682643983380635
0.921421878658906
0.1851417112359932
0.3401883256167142
0.9697699895416962
0.5711961264176273
0.326092161205193
0.989222653371536
0.2711590457933484
0.33914344689876785
0.21704226975844454
0.965354196680499
0.8537403096954778
0.29324660269808256
0.12293299470622843
0.08496528479924648
0.5584726464757914
0.3163906402859539
0.785191256185769
0.7582011793623502
0.8212779677786368
0.540231953582433
0.566680987893536
0.9595320738548005
0.09795583600486835
0.520782251710903
0.14643169462846928
0.361511119160566
0.6423087077121058
0.8914717232656623
0.5573667393427715
0.12618881415677474
0.7062107644045349
0.059374662627375785
0.42871302272863065
0.35964545715217133
0.8955852004809057
0.6826209522788269
0.37578478617995814
0.7423172559147806
0.17440854500716696
0.9845475045975545
0.15891139412984512
0.14830613426572847
0.0743183029658333
0.2698206395199947
0.8520319222793823
0.26822234674941825
0.35530431253656203
0.39501373846519183
0.5744356234120085
0.7460346754742383
0.3708289728981118
0.5369521489900647
0.816614944461473
0.6347946164734833
0.993295041013162
0.26902861618881024
0.6204619755749977
0.44036765218538
0.2374538580332124
0.58810584156219
0.09181001050036786
0.1428599689076595
0.6761807785686963
0.7203391684473143
0.8780157508365635
0.7254238156669023
0.043129849808922205
0.6625126179297147
0.8917387884062907
0.4711997831189121
0.8772394476778975
0.790731955651626
0.2883356324908072
0.05032755411051992
0.6396573502963262
0.39826044217081136
0.9530074621691131
0.007591334126601401
0.8700911638317563
0.4742200398903553
0.6846243615186518
0.9256935984494602
0.6419708008304488
0.5357021861689755
0.4544702213204289
0.7303914234495908
0.1429902563390123
0.48479850379140277
0.19828191520042948
0.2710726703220072
0.07454575950804443
0.8504330745817279
0.7113326699647305
0.46293864612739355
0.7189130240853246
0.5045522125864752
0.7587580975467297
0.2864096676565864
0.3923242297278775
0.2851320285726525
0.8215155407000759
0.06909362815615139
0.9958335354435499
0.40718390995030485
0.44853361304280936
0.7754940705593586
0.6887941764352778
0.6636919529602814
0.7902274196197359
0.20287426776280704
0.25302168937702885
0.9716271511762774
0.9555499294122621
0.5130823644204104
0.10260366340209537
0.12600051762217113
0.7982105293137973
0.20457104122262226
0.38732919151403555
0.006444253118237708
0.9685210949616179
0.37903333373971027
0.5668206670562471
0.2538748961788979
0.6865868081801343
0.05052626759475176
0.9377805990427663
0.8242475914950187
0.3432475560189736
0.6848160150433259
0.9036473794886081
0.6368719226316869
0.3500203434255964
0.6221295611342563
0.5429103914400807
0.6846794219955795
0.3557903472152899
0.43716029999636474
0.9583585233719677
0.6815973589723416
0.8067385366548931
0.9981188781353844
0.2502826161406295
0.8698440233635428
0.31671244258657094
0.6554846307568634
0.6247897190829385
0.07379858315083354
0.6542153735429477
0.49005277394401925
0.9967974053431373
0.06550202537804639
0.6927051523427752
0.685134268408679
0.6663365865426234
0.6655252826196703
0.5539567043033741
0.41443243657754414
0.9049332448362118
0.7203704585429815
0.32126110222045023
0.7035924697364057
0.024155701363412052
0.682037765769845
0.09417823022818383
0.4483659924446113
0.7709800725920187
0.695544057938857
0.4411494278968926
0.6575640393732989
0.9491651316035348
0.7337444696322769
0.3882589875518452
0.7958162854832519
0.1479840486658579
0.19761548606794666
0.3162524983497488
0.0730818972540822
0.9141590541674572
0.1712898521736239
0.13884697314870642
0.19779905867988357
0.1759617718547456
0.6253595294953754
0.13501973859796457
0.6782372947748768
0.7185930763612111
0.6861134333509085
0.2946066601627313
0.461272402186203
0.8149581036726243
0.3878982428863318
0.9382243535792594
0.5045163630500792
0.27522236330610805
0.48296814160063983
0.7229241356799583
0.3877509033854608
0.9486109568669159
0.23477232779635848
0.14395324337262394
0.052164294236226705
0.45709319540968496
0.2859026036787854
0.7891813252987903
0.038136425939678587
0.21172287704598347
0.29928271078331103
0.9260686723632758
0.0015136463521927546
0.1852933724842739
0.01658674641876967
0.17360904588267345
0.05192190276339104
0.48257036077739135
0.4700400742433267
0.8807211427115881
0.32096970673368597
0.266797694760292
0.19965633055369825
0.7211099073079001
0.7345663645658017
0.23520943835958197
0.643927170721023
0.8016131497175011
0.08905526654001439
0.3883147924299458
0.7888343631227206
0.8227883501433597
0.7157001896974876
0.7464099261564577
0.09516904418508487
0.4381011399748205
0.20829834310227713
0.7879675403736892
0.7809893568408698
0.4909467021665287
0.9300738387342434
0.1435017457521499
0.7014769904288662
0.05461804130464043
0.6799852218629725
0.582880220704394
0.3671477625987589
0.3522582212697699
0.04125909382269011
0.602512074172947
0.01932778562227444
0.09838311434259206
0.7665023246890115
0.25223860827842126
0.7752089139684946
0.07468176074339783
0.45667616060849314
0.8454375268258624
0.9832805612400003
0.3508264356749292
0.8428026368892282
0.5958187514116877
0.4605907110152141
0.9623071101846767
0.6331353121477918
0.11482241347574773
0.7556498111905355
0.4814564534335187
0.11407320481522909
0.8469117845998942
0.9172239821801783
0.08308250102296966
0.6869185260112222
0.8793804792935002
0.019445367049929718
0.48059115523614016
0.4531440935198815
0.7773133206238537
0.760674011068727
0.14375051378943704
0.6341501846340019
0.034104873628792554
0.09038900281867623
0.8068437914875068
0.13773034972297127
0.38394185025087546
0.37825377139130645
0.011781394865069128
0.0737804180160575
0.1551170704230127
0.573089388357247
0.5531454768242422
0.0009892357470927537
0.6849794417701729
0.28355252594173674
0.9410096893121996
0.5849890386016894
0.8735454490285364
0.4250787489810727
0.7163512008629956
0.4380223026212716
0.4867275125723499
0.016583429326498256
0.4676884018874553
0.49015325217865946
0.48357212073235567
0.16712538571596647
0.21076265754531498
0.5373164227800298
0.8290775191648387
0.1025176313422197
0.8792232028344734
0.9914020793975472
0.8373569978044869
0.9096506004503786
0.15888477528747724
0.5254620814636917
0.5505175004218162
0.8901242459555428
0.8515482518641485
0.509299347915941
0.5758019303594969
0.15226675050775806
0.767670258053311
0.32037041787374765
0.33321906271150725
0.5310493196084398
0.40302319838515854
0.6805853564050149
0.5618446333717788
0.3928421839103554
0.05336711575389952
0.3367299491196998
0.055540400791721845
0.2890630390927863
0.1753250533681645
0.8857918172474749
0.7100844375601071
0.1645764342807392
0.394021948476141
0.37332420950103407
0.0731982223356048
0.8812107827950335
0.2902972954544988
0.8912013142290733
0.4573163635046137
0.6183439407842845
0.2411034064955565
0.1457394754057163
0.6612091038790817
0.9845671388467979
0.1287480257978001
0.2758383642074371
0.8866615698522883
0.3247769602038185
0.24366695065363697
0.9876513250609169
0.3452045479488056
0.259356779937018
0.05277954276677266
0.6662743233368511
0.9125710579420755
0.627308015775148
0.6504176992921253
0.978412698022463
0.002466027571549234
0.17820931641359972
0.021824707347275263
0.1963268679369511
0.48373512559387843
0.3994367109186535
0.13660941644149405
0.544418769384112
0.7061280462670966
0.195620041073717
0.02249338148399538
0.4734003064697424
0.036210592292889476
0.4374803414500835
0.24017454669184213
0.9308367429225902
0.9824174924065682
0.7600040530990338
0.5116000268537304
0.40029159342034415
0.6844902373744249
0.5419599699016164
0.9293318047009745
0.6618719875939142
0.8947185795908137
0.6934884922871751
0.52178698633144
0.5288196750236643
0.257221148442488
0.08516372470224953
0.16820649911286079
0.7703697423527117
0.9401676830237695
0.6782802231433588
0.2560982331946926
0.1277954689666958
0.2916084006755293
0.24646702166384205
0.16484110709088318
0.2794077736000782
0.2551721457834617
0.8959619725474106
0.5642258206154713
0.9827557972919422
0.8884479155041851
0.11539085361226809
0.5983589254282199
0.6134683904691469
0.9969319782014308
0.13123295098327992
0.9536320776975286
0.10701349595974541
0.7763183902037611
0.749499949372004
0.6453472922998901
0.7309807784797772
0.9829057877438083
0.8906995332789008
0.25987544737493196
0.6795337117026261
0.7807759318908439
0.07781445361233807
0.37789218282646087
0.17520519599495443
0.953935723772474
0.3353504284946375
0.7908090870315385
0.7358152159323835
0.38582984131989106
0.3073597465083019
0.508330253517558
0.6850832988385055
0.6744402071531655
0.4292741961941131
0.1587962127681649
0.6578428557075939
0.8355024657306878
0.9777411855717533
0.6393067340719742
0.6418341051085216
0.9514453274291058
0.9568288898924072
0.05994478431221917
0.7245576861686438
0.7862608186256084
0.7773924392699749
0.9776665802701415
0.5021293632781784
0.9734726386604015
0.4997503162496061
0.7688498952206696
0.4294294446811092
0.021732265750175395
0.47695991980516195
0.7937270823073195
0.3451126114003661
0.4132351218692173
0.6475599110960798
0.3213268284592442
0.464991422401406
0.5424169142188092
0.7047215146230429
0.9013424492657226
0.8783489583644936
0.7178003908681053
0.37801909445666815
0.6463997605237679
0.12444364348465253
0.7087662721627191
0.11698887880076025
0.6194672213926439
0.25385578181620594
0.20680477128121788
0.5837703638203972
0.04188590092592637
0.11333405647143968
0.4867481802820195
0.6624465565230295
0.5539488657020448
0.6110564953915034
0.29222961285144156
0.30169972751382246
0.5962885005989157
0.6962038646868676
0.8768064853241879
0.49759233671852543
0.642819815852145
0.20103343946999208
0.3315713358710337
0.18438729554163868
0.8720489469745102
0.4086335262154128
0.36914194540962275
0.9640319829106955
0.8665725881129929
0.09219876153788387
0.18658204439443615
0.7768207160824301
0.645065735711445
0.45341432763976963
0.4870741627921886
0.22585107379956526
0.7584112693453886
0.24893450795114613
0.5543906851543301
0.6376150223030861
0.684360403871352
0.883336803844201
0.0048118373054519825
0.7863841784752952
0.22773410380475678
0.1390281351244601
0.9252660759308665
0.6151282925692939
0.4658837097738573
0.8156964699534046
0.818768460383888
0.008210732676096066
0.27675469130464037
0.8698489487383303
0.6145953083919288
0.9714339833144062
0.6542162629093177
0.454209614464808
0.6465067618424782
0.1381734564580155
0.6142019647951844
0.29151315641849795
0.6255634531535614
0.6123819615828734
0.7938865907952783
0.9530208187220837
0.9589509742739912
0.4618505342201713
0.678553927812762
0.8659363517523054
0.7438957759731375
0.36912460685240744
0.9335094978247439
0.4722145105276079
0.7799606401152093
0.5723492721305581
0.16741023126165433
0.044902755924482673
0.5914363829017318
0.08508062479474043
0.7375986763649368
0.6586799521237138
0.7343259409396449
0.6102237377238676
0.28792343433956313
0.26224257922994076
0.15932280759962436
0.9351311810250968
0.37771087760706434
0.45416907636240844
0.6567228645503416
0.9327730920123595
0.3770865558553218
0.24808424596523515
0.6677669631927312
0.09232705098922711
0.09117008324615916
0.4496321806103809
0.3627034602256174
0.029844915361529
0.9438343862077572
0.3275513683081672
0.253947522775106
0.3004702838340566
0.32867382756472263
0.6620446523582205
0.7249765054265681
0.3929343758163347
0.4612637342710162
0.7778464098077346
0.39400259247893976
0.7993582374719527
0.5114726740622115
0.9595567651913413
0.6019005169692588
0.9862211765862402
0.1625624921039185
0.4265638795634016
0.8653534930175829
0.1302289380247864
0.8858266329182297
0.7208941380893773
0.9407149598907384
0.5787062635016096
0.7213035440914338
0.8122362953242983
0.42600400616503287
0.6488801554932986
0.5224324311042574
0.31909824006334797
0.40196962870519426
0.551361065477269
0.5208373242381542
0.3912077396788821
0.7479260428864296
0.12187323107877424
0.8278866826347215
0.24154146662574316
0.5141635185644796
0.6949666750457668
0.18757560930405037
0.11403742535652539
0.7712901038137436
0.23017506216820993
0.9709050009093535
0.4875716662585333
0.5939389040304677
0.03836206931143882
0.4513344147432079
0.18939025116577968
0.5193703726658327
0.513268082555256
0.6479174454296593
0.8838426176795995
0.705936074550783
0.4189087979849818
0.14563250090536295
0.3190931945161144
0.4889359433143703
0.058122407877889914
0.0812542619742962
0.3049887193015277
0.5650083759515592
0.0737007749618368
0.051032123350349345
0.17174364239679896
0.17218280373650308
0.735699521596476
0.8223060012830641
0.07016736375323396
0.710004549082418
0.2358423199182368
0.3503430413286077
0.06001852534775798
0.1536308780705693
0.9023599683452758
0.8159106086721657
0.8566320177534149
0.7503581863262344
0.18964240440952573
0.12257891739844506
0.5211756920847352
0.41454011089250076
0.9358133342903653
0.7489551898390372
0.5722632790435509
0.7323620316349175
0.8680625507150576
0.4923060694725967
0.8399111679876251
0.6483834267992155
0.75253347467205
0.7083589532861327
0.3354151679213063
0.7112985065496261
0.16944785774873117
0.23215048499047353
0.7587354943399665
0.07297141103674187
0.2776515773525795
0.4956853428576926
0.033038830494101945
0.3275393319887486
0.7532554031510306
0.8015433636420256
0.22158170884939477
0.33325283628239033
0.5191591431006356
0.06856411789948125
0.3665237275321207
0.006856195793684905
0.3040566102723926
0.9067834926863881
0.5395906858510571
0.06571934657701783
0.636142037682798
0.4168466194914048
0.30180212615841273
0.7900098319099628
0.7928092040156415
0.767676753612943
0.7143459297206336
0.28395830141218914
0.9907594575292233
0.7645439670863889
0.6299293853232882
0.6851053059057353
0.07783391396699402
0.49673828514808205
0.6902224891067811
0.18755780043008352
0.8738183618127663
0.44349623445599873
0.8278532683792904
0.298403912323416
0.7358344783703586
0.6995580364444542
0.7996640775823851
0.6279086624892251
0.8284365505164689
0.08817334300822421
0.555870128569145
0.04030897916593501
0.33981260486952236
0.11555073479793321
0.49600530528559716
0.3183808719932014
0.5438287265821462
0.8332619360130423
0.19211003110183034
0.18214736247656493
0.1318129864545431
0.4497048762279555
0.7960062732850387
0.09314128501477714
0.1893349759393681
0.7406816698655017
0.329395879824951
0.9428216845258597
0.31094072828823127
0.4203140049821459
0.05269070913100615
0.02073621578995799
0.6477521783576599
0.5752994623042463
0.8399372526222287
0.5081697446825184
0.9672908961865825
0.40889087943950886
0.5630502463233744
0.18679813979796367
0.03612275543186261
0.6513546357786866
0.44058932530047235
0.1709834919038743
0.4374802309873145
0.8438659305291718
0.5589704630430624
0.5800923743978658
0.46519594917896556
0.2662042759407912
0.582118356431694
0.8994393966923724
0.3586604712634689
0.597004619930378
0.07971818695959587
0.4544175724712012
0.5633431980905405
0.11217593806039727
0.07107529627852671
0.14300687719730953
0.007311556118321794
0.7329775366396934
0.9603769534292793
0.7330373527372448
0.8353614808473248
0.16869237488870714
0.6895237416566584
0.8560394108697784
0.02977586220697004
0.5067595956625398
0.4652215976725753
0.8782275227819099
0.13498653755437007
0.6924655810027167
0.667295851884488
0.044969002494291144
0.049684172549537164
0.20714618754101788
0.5875431398527237
0.3713636382171732
0.623177011565216
0.16454975593082288
0.041160073052703416
0.6879879222690671
0.23870542884686852
0.8877372978174142
0.30715785070968504
0.7127038243686169
0.21881288584796676
0.28288005466331045
0.92158514532415
0.8090741566019524
0.28828107152111127
0.01934697053376122
0.9910429931868906
0.42028394425624105
0.37735075584348277
0.02646485399667098
0.5457369750622666
0.7581586757518501
0.6477665973992127
0.703466801607798
0.9856410513960243
0.16819414154198697
0.5634557557003582
0.8306531187640009
0.9262915056038358
0.8747540655920288
0.893274292951554
