0.6970849743578978
0.9296088934023723
0.10606078611039826
0.7937468215631412
0.6362502179372329
0.34519375329770674
0.12517382642462027
0.3950884659522582
0.4108185061257291
0.02531237858444102
0.7569274926228517
0.9388541087722895
0.27859585593203584
0.18640900676967387
0.02475526333354161
0.7652746718574325
0.42918130983800207
0.45698767196041257
0.44860970475778106
0.6058492343627503
0.8805202289513997
0.8487082496684051
0.758330505020023
0.18893124778634185
0.5152221473719791
0.1151230008187305
0.14877657353708706
0.27434529542874775
0.5369534117290685
0.9962379870908149
0.07759788684549107
0.9532349199689227
0.706426280083512
0.024272002690273076
0.6106263250010227
0.8589723605743277
0.17209022865508705
0.8852866737730974
0.48395084636817765
0.6193019280039137
0.2815764605355968
0.37641145609106963
0.5672396228792199
0.2593306377911895
0.4623942873417195
0.8194000720204171
0.2344214268915431
0.9462948750918916
0.544893768806457
0.8458054845075476
0.25315910043450796
0.7623490744988771
0.5004760736873298
0.7239074279039124
0.4080274513812342
0.36197524941386194
0.43800863122396616
0.4121534041333914
0.9342283095662227
0.18070282700799645
0.04828237017617909
0.8759777961928903
0.6026095066072295
0.9496025878412441
0.39141382046040196
0.7667137299405612
0.6356611158530807
0.9440168657010043
0.07248412532597048
0.07245443026961307
0.5518400820612774
0.6599137438057281
0.4223074701859918
0.3137214560034256
0.2995164860169012
0.6117818114319965
0.8634610225792371
0.5280562858229582
0.023892456097931225
0.1644293065869752
0.0537048860098136
0.20901885725683023
0.2822459383166872
0.5117206629875674
0.555765384528639
0.3126785280536163
0.1317159703775127
0.08194073412180458
0.21636681796632906
0.7963143293417992
0.6053297561516696
0.9567622573504821
0.5176984399274484
0.6055921197819005
0.9907560258986009
0.2565432321150093
0.8987969094833118
0.2030424345095313
0.5779003097468438
0.8371616662499222
0.9902170356625346
0.9859714731365884
0.2572605807597731
0.4164286583775638
0.9697956190971742
0.49030293195166186
0.22277127851856404
0.07529204429279823
0.7422827008401279
0.7440807138290212
0.14351912206241557
0.8925177142391766
0.377092976295343
0.6439485936867098
0.08001356759037626
0.08906805157507713
0.2604056059950184
0.12383155540132174
0.2146665460856083
0.3239342044428869
0.32094474599907474
0.0758769427474647
0.6746917016309477
0.12985777154148148
0.338564604846154
0.28366907127053587
0.2847025965933717
0.8481358417409678
0.049172975573562816
0.6480997141852034
0.5319752309925958
0.548489001018753
0.9173543784834901
0.8962378942193064
0.2576686341341944
0.4899459376304226
0.38599959647392246
0.12266410484737067
0.567366000392085
0.671178354514319
0.6576606327733248
0.4563379609851461
0.1365534657448806
0.753410364135306
0.8497631417059084
0.7378165071437579
0.23092575309242214
0.6087873737545502
0.9590262046915453
0.3718913820215257
0.06899099305277678
0.05649922701812715
0.189976247464136
0.7838060629043822
0.021731713552610055
0.9963847022286172
0.5479824789381365
0.8364820589342046
0.22686680995201502
0.044555728747616485
0.1690981862863391
0.4292158327372324
0.3868917755550335
0.5025005259049363
0.7569677821183826
0.7279697880655851
0.9709987859347956
0.47624081742416835
0.48960530983388384
0.05474125703260213
0.3092966119345617
0.10197853878748075
0.7706889861539562
0.9127820290505712
0.050039748914756044
0.6411185196141922
0.6206456367385857
0.22018507063709591
0.5590314307677732
0.007384769824190673
0.21519063034805952
0.9309423070224999
0.16496733147433618
0.8547219461579665
0.47592868489932116
0.7145994195727873
0.14808802172389846
0.7653638089123628
0.25074277555643254
0.411717193188872
0.5147688783740381
0.03169984678930127
0.08638543806903198
0.6215965770267348
0.5182574883596722
0.09673484394121157
0.29026460735048654
0.18083260869019935
0.1058463423905106
0.5272781037675073
0.19714277952928383
0.24393968755148032
0.2776998105410625
0.7724758035251068
0.7529674517223568
0.5734662005525939
0.3348610525419987
0.17786511557343965
0.32134589559291893
0.900082533577727
0.5082469784103384
0.049471572922144325
0.7205366552962799
0.7418273390616422
0.2686726445815407
0.6191906257136873
0.4053281672924768
0.8596968900298204
0.8305704173101046
0.6308231477819739
0.47225246628643236
0.6921216290063702
0.14443308891766382
0.7163061845223374
0.6707893241769259
0.20986310787770224
0.3487014148555646
0.6830861899209081
0.5743461769208373
0.8343869841456794
0.08578910489527602
0.7797348987329444
0.08431911235547229
0.14158986674210983
0.40611595281851665
0.28780353740923226
0.2772857158557701
0.9522157396218144
0.6047942886949973
0.7788403772007866
0.615940841605228
0.23700443765714496
0.0889472499293984
0.09936418662441371
0.13626503093138798
0.5333710462853296
0.09057955444931931
0.07800154970426676
0.7253657366312175
0.8636854554631881
0.35607990140245993
0.7678415134325517
0.4674045407617762
0.6661637229739686
0.5177247785976063
0.016133781333678376
0.17940529177207765
0.9004764571597988
0.6419187067833417
0.9314375818091084
0.9146559780103835
0.2366275730261982
0.8584980624986757
0.5383120203947009
0.293529683637642
0.4714545356279798
0.6949313324672082
0.23556284566550179
0.6884166689080392
0.13906486774861926
0.2998096080935533
0.06516080825484549
0.7687684809460849
0.3572735773281275
0.7627944240203393
0.32644267636163726
0.5190839313417484
0.22608776866534086
0.5485541330054284
0.20709541186473668
0.9203959051279121
0.41198814484210944
0.4011242765969224
0.47126762187810833
0.43247127942794883
0.8789773680400779
0.4950490394273821
0.8088912346209886
0.497483957311983
0.2143957432741176
0.7521559062172153
0.9220122423834674
0.869794554098177
0.4737590708890902
0.6910631866403352
0.7646585435645651
0.8551883323989697
0.4405002066238155
0.7263129986470653
0.6661412017310273
0.9293364875942444
0.40485078169718036
0.4137363315241712
0.3540030005655511
0.23624879983518876
0.6537058623998483
0.9527172095401277
0.3268058729434854
0.6197360835223753
0.703181095171914
0.580279047162546
0.023577082177190345
0.7749062259149618
0.19893854003127864
0.0991232872489447
0.481511929058854
0.16632390945023257
0.8540831841830729
0.7405937827285799
0.5771244720821052
0.5214267465756808
0.8419781800111458
0.38546786424391677
0.039672143138530624
0.9125406306458296
0.6360417604200287
0.3067026914777926
0.40491380229514384
0.11465124964483109
0.03557730933675318
0.9341298133248493
0.17289472649650617
0.9663572103476784
0.7329658229221636
0.5943196145494731
0.5037823397806341
0.1944379557274517
0.743749333049605
0.5785404850697962
0.3271838131210003
0.025114290454563815
0.04882949476902809
0.17599963742547065
0.21796313063885642
0.7213480850878561
0.4979222535114268
0.7021002123054788
0.4113552033113931
0.4656520811303244
0.09683599312890545
0.5201681891353952
0.4595062044623026
0.5469531561009562
0.4988192624993786
0.5949582828226493
0.8123625204646934
0.9411131584855926
0.5774210708779532
0.4756356005445441
0.3584275575599204
0.7620284198732231
0.886331140318351
0.9497437970829156
0.7498584388426796
0.9674361349568767
0.7969514962308218
0.3510882363029624
0.060843346774087204
0.15736767624573
0.750422970039132
0.039467702793360315
0.6427941687680718
0.7351262042938462
0.20137932582838036
0.2699763526981418
0.08857381731288094
0.8263323827221039
0.8760467640343172
0.7032985472937552
0.5380637552950056
0.6766317783202925
0.14320728793470616
0.221868315608318
0.17212982861049164
0.44294961936017274
0.40222343501681435
0.3939755557117324
0.12437732966349013
0.20272570216305708
0.24617186561498938
0.4490349629382515
0.9600147953982152
0.8011230232126979
0.6838123251498917
0.8527899853461223
0.7842281831956699
0.521726809639353
0.9779806840145953
0.39401110102783454
0.5935153739334557
0.9566619063333156
0.9801433953008871
0.21419755018195819
0.1560576529756197
0.7876273445521371
0.47518062615848966
0.27370197063683765
0.629416424811019
0.09364972850288833
0.49652970368912364
0.16635012067204047
0.2245980165451027
0.03926240220813115
0.30044756860661803
0.9101410319339768
0.8540243571920972
0.5390127473526231
0.7174264979612861
0.03771790181026646
0.4427587819382949
0.53013063789991
0.38826481671615165
0.3140564414695828
0.6830682075166916
0.47409884009398284
0.9646444454881664
0.14619928831413997
0.3238290647329398
0.2761166129454805
0.9673364417631227
0.5543434237892396
0.7668882082471468
0.6961376733791443
0.5516402520242952
0.0986133042585623
0.9336461739841105
0.92149585123467
0.22372591173203293
0.10921315427105427
0.38310286879547173
0.3429209270646204
0.22173302786203264
0.12478506882440088
0.42243556718960307
0.2051726696872168
0.538946421778576
0.9137339488564441
0.8544667145086805
0.7867151425775908
0.8223034451087241
0.906569175470912
0.0010431890160321755
0.5743934228357489
0.1426868475977474
0.6853526013028428
0.8051348646010839
0.5852196381137263
0.9383229241484431
0.1345489472623944
0.9453244890450274
0.25384503479087983
0.30957589439962374
0.900212368144633
0.5254833839151697
0.11260170441499928
0.3861670784875716
0.4703172884774156
0.7470688832207933
0.8082776007920239
0.9722281764812504
0.7589828221849426
0.08300374274888489
0.27658151630952954
0.9882526072427557
0.042709205183062315
0.5531378446931661
0.9478572631527705
0.4340673710434383
0.34513007968414544
0.9866765834072837
0.818618895616013
0.06902732559520186
0.6475081855912358
0.047909094243399175
0.10046758674598699
0.23256889645503265
0.35733593359266447
0.12279048624819622
0.21077100796899106
0.20106767268103254
0.17890732433364676
0.5972552156202676
0.5979126219135784
0.34431345642882916
0.9788646637100915
0.3688654803699707
0.6470169247925289
0.7930311146896177
0.26714887579635216
0.07869274742864485
0.23696001572273095
0.13258023572802757
0.8526983188059795
0.2394329661863427
0.9008457721286859
0.7356853587706328
0.36872443298559676
0.753380898973317
0.627103190547288
0.45713000540836535
0.2502689580828321
0.36343415097870824
0.15474633758882106
0.3399068840225895
0.07996281157764351
0.8034977960127117
0.7316532182184232
0.7347745306078795
0.16510943948660262
0.8391231714880365
0.18967126453417138
0.526150584179623
0.43663335756294597
0.5313497368301607
0.8000283334096694
0.9367147569254766
0.4165131185568248
0.3097408467025964
0.3700740107808851
0.8355810360213458
0.3501069883267732
0.5550914934283676
0.008213892292227465
0.5652105360462116
0.2975377047684503
0.33252429336188827
0.9118012099678685
0.5258869048424861
0.2129160636802655
0.3758069841039917
0.9480971893090966
0.3790112703088767
0.3238877118141854
0.44535503377547925
0.6270943581601782
0.03192560576685943
0.08578367357212624
0.715537849077378
0.5490941912871437
0.9176160001394272
0.5680349551928695
0.41282168444911016
0.6049762561578368
0.5943284840847208
0.1778420880367224
0.6781268369773495
0.08631133697523452
0.15883983059197004
0.408346859482025
0.5166636092592195
0.692812909392191
0.6217264377932801
0.2247387855078803
0.6750164692828737
0.13838981154398378
0.7684096976875306
0.6708494430677563
0.6223646092450268
0.1055809275075299
0.5162154302806641
0.32195891007512323
0.11322508983829549
0.9077289062994632
0.1579136382005183
0.49586284031938266
0.3249828895952801
0.9146881019178672
0.2616633255430889
0.8581487366026999
0.49298773664896656
0.6107921845383958
0.3909143034290872
0.5935098675041472
0.8379374648893919
0.31061040869973444
0.8957316287411221
0.916769222709328
0.6916569948656767
0.9265232869533679
0.6505079479411665
0.430883123321828
0.575660847993405
0.3341861511286327
0.05330751486547369
0.3222582702044795
0.8185964154542483
0.5449339772360148
0.006291959282675563
0.5949634990326526
0.8066821188630113
0.8859169677803346
0.14395577878720733
0.47753179540099633
0.5956718665351739
0.5575305865965483
0.3262387098663798
0.701858824036684
0.8099238123085492
0.08317563815912743
0.3465937793790488
0.8267968924063613
0.10973511283690507
0.863121297821729
0.27992081393328916
0.7128456558864628
0.0993302537273002
0.9399450092115181
0.6026216877021826
0.2971999078060745
0.24181846092317216
0.6233761301468446
0.2179611338433396
0.622032345804534
0.7271566371579804
0.29613478049852804
0.3250359174162061
0.8831741326332911
0.6394124522932343
0.32303079924265077
0.14513672122978094
0.9645680208061909
0.3751497310426334
0.31723951669495387
0.9189821325502517
0.7345814234779243
0.25874248447591974
0.08441138343946453
0.27745308696987003
0.7346375282833139
0.7129343854196335
0.21739057099886538
0.8708046927566288
0.2026269521514591
0.40696528184422875
0.7298416901095248
0.5484530534230516
0.888770102993843
0.787197872715343
0.628484377032771
0.7040135314258358
0.2687671611290797
0.06238763929586699
0.2004016778321812
0.2729492942017234
0.8536804661817528
0.5175510814606645
0.7938032453579551
0.05243454951275606
0.24336410109203133
0.14571699669971971
0.7078554543856603
0.3129872762866627
0.5430114591436285
0.7916708822514057
0.9974679017055321
0.4197136420505404
0.7182456696770682
0.20549647538250182
0.5888152752140096
0.2832550572827015
0.32492320628017135
0.6919027614686744
0.20414577164177494
0.17880398336635073
0.571456952475469
0.5009370572111596
0.8251888954343477
0.6851184995224147
0.0029996213554328577
0.9786869041363224
0.5888168033315289
0.27582694432521937
0.10759789011526966
0.5421472679944795
0.2865648804786801
0.7813468881014954
0.10079903519053968
0.26916893114906704
0.11884045210249405
0.22004889134649164
0.11429876835501662
0.36465741361058157
0.9042046159239534
0.27529018124415217
0.23049334597232418
0.4935933486863757
0.058675002947639054
0.010400189761025636
0.09976991727569007
0.41544200623158334
0.7903919404584983
0.8245841349262972
0.06106209826752462
0.2629364172929546
0.3086979316566022
0.5315287285672434
0.18651845459461514
0.9160679504581656
0.7511597417311995
0.9598510171274495
0.6721176865992372
0.6167017917941338
0.10029433572157354
0.2338480166801269
0.7717139598967879
0.21673442973732826
0.019347264951691923
0.29030012965223195
0.8904809378663519
0.5534240753478901
0.01569807130826628
0.9674307477676379
0.8899278167694484
0.3730725646745223
0.36418664651470767
0.6082894605041017
0.4248758536937479
0.1634987330225841
0.26817429650306024
0.8617257211955531
0.8072946835576835
0.2691556666033803
0.19568648759870266
0.439202807860681
0.7619518501833306
0.09214989213204072
0.1861583668522916
0.9032268629127002
0.6316248558910607
0.8202231076358247
0.2835876770788548
0.05598732024526265
0.09003643102177583
0.6777753274807577
0.20461128728370548
0.15908422288204382
0.1255940647702013
0.9572208384546291
0.8669421391509267
0.9087487672624445
0.7228704062532575
0.7461528124684428
0.32627108493196744
0.5915925431268404
0.5042365761615756
0.056375386150286255
0.5342572557702933
0.48706024308429197
0.7527914868086957
0.5810625524119075
0.8270616770613499
0.6503065385617227
0.7185195968026339
0.33802382327307734
0.5892285690537866
0.49819036942580464
0.8711506630641629
0.4651390242362403
0.37016484991521403
0.699184921290732
0.822955572030926
0.03928025101492405
0.7496635247297831
0.32314232866985537
0.33253459754515313
0.2412954135845109
0.6448076658210972
0.8105199613247228
0.13920171455467312
0.05639879710835749
0.37208112115551273
0.4111056392768062
0.3718721973210095
0.3093588792405717
0.5776452059296268
0.8160567197996816
0.09710794288164737
0.664623406602531
0.8273769316684095
0.7071541971877422
0.08464417842426564
0.41226484938045327
0.9612131330988153
0.9998522579518732
0.45851029062346893
0.017069564034239537
0.9995407953243501
0.1432972957867804
0.3442819307868289
0.5091526427513687
0.9266808546169162
0.11660256991418183
0.4708473953856438
0.43406293248374894
0.0564589000253054
0.2154780483698574
0.29426935248597175
0.36247363862827076
0.6825736255915253
0.6411671155815148
0.2541250027568286
0.42003644120292094
0.9220797244154844
0.976041324687844
0.3574504441084051
0.7746504047792413
0.6765903459618727
0.6517349995628725
0.45251942213516394
0.17560383617682773
0.918883200674967
0.40361387727559395
0.06362258754950578
0.9905692211689335
0.7336740093972088
0.8086831071884711
0.9269417691852017
0.964963936498415
0.6269270492698431
0.8379651400663769
0.17747437924388676
0.9626411484866811
0.2572225862489663
0.7012752373711985
0.6520643041833944
0.14237823368075053
0.09870583030990265
0.03215257135263805
0.8728704563968007
0.45728765651439174
0.47017928747501136
0.5930839408515038
0.3114716058498993
0.749172702789326
0.7347033234356317
0.06927054827253587
0.9433943210273612
0.4200450867339288
0.608056463855265
0.5320033350230172
0.9430969662026423
0.26749372063436405
0.4248170389903655
0.17645322490980386
0.3740859048020838
0.11297692578279228
0.13370863262816346
0.485981298570736
0.8835021519582654
0.6103618623825907
0.30174027505591194
0.009212935872957684
0.8023880231325308
0.5047386464397795
0.6193369698867931
0.4473857354404075
0.2018253308217287
0.29981482144984173
0.5959104975070514
0.8692610577588941
0.9699013222621827
0.4176824280855792
0.012581729476138781
0.0898948740398049
0.2822378014220285
0.6764595141981196
0.8776529927591328
0.5646694340208314
0.7253545200168138
0.30910040350611934
0.3688190163749173
0.5584711222171359
0.02251251865993764
0.6217236155303092
0.2154906453202201
0.528134389219388
0.35345539193137154
0.9079432365625489
0.44395384220179646
0.4367928041439034
0.2716941002187052
0.7669384815863575
0.8832834396657067
0.017541348739931628
0.6578649227661502
0.13909730105331308
0.6415829721854075
0.8193447866680839
0.5011975730395907
0.5080511650881542
0.3960340598486608
0.9745946950949845
0.527518438522946
0.6426627973479863
0.8916581518002695
0.7316546946192337
0.8408701702037036
0.9866216400232827
0.7303087351827959
0.44748964127775903
0.16666081522876008
0.3619740397467093
0.07771781957672352
0.637158539196095
0.4248454764649474
0.23050241690833106
0.08295518783132516
0.8661869682133294
0.19389847599921384
0.24435033401557193
0.5264798883350874
0.649918943227788
0.8740616960843074
0.8588638388101716
0.6118456204761618
0.4640043874136144
0.6204708199249539
0.392451581082927
0.6761087112052903
0.5142550776638882
0.5320295932249901
0.4801904275216905
0.7054015236704517
0.775967361134019
0.19025833168371908
0.806057559365559
0.06272143100754501
0.08190998829438145
0.3695111287010272
0.8041892073081957
0.9445650708280972
0.6301799708755708
0.8052417751578957
0.33329295037811046
0.7510086993721847
0.606324572717381
0.07701406287080059
0.6401239158443719
0.9927390350063476
0.658765579932395
0.917402181559966
0.3635710536860507
0.20531467170154216
0.5914469734080814
0.8081972359772156
0.05833117331741067
0.11286218116987357
0.5232434759324249
0.6281242368117148
0.20327372913693653
0.2572062392091472
0.8494661098190048
0.6656346001241644
0.2863333474461788
0.16211772499302868
0.5975590760249436
0.41675611462658624
0.37982107477710647
0.7418425961055931
0.7373456498071854
0.7289173168406502
0.7467878471153643
0.035941522107800994
0.993643832476132
0.394380306456831
0.3531931386164797
0.10885728973929887
0.1908759822209648
0.05637742422540226
0.9608421391134903
0.18033387600341322
0.2973412797230701
0.4331921337575717
0.2351028269111829
0.3428887902299559
0.7599473253948045
0.3717208795158804
0.22196293433425074
0.5444597909256036
0.5097467311047503
0.09596096578831692
0.8563956252701194
0.5996420989389427
0.6516116566407039
0.5932881407388131
0.7124998304140556
0.05108720301406544
0.8224057918102787
0.03472105720027152
0.933289551060402
0.4576089166931996
0.9170777151341856
0.8697712678018429
0.22153655292438024
0.37884225320091813
0.8463979098885555
0.8003377342308587
0.7268486218707021
0.7349167414151648
0.03910674943698378
0.4954107183587402
0.2877976676125049
0.1640657736093547
0.45679840288129625
0.8267280785235487
0.589949121450455
0.42690574039742335
0.7794273816211952
0.6066105238381334
0.6592502721682473
0.5273040604612032
0.11673542616202515
0.20988639552498078
0.45611889278183726
0.2905864082602886
0.41872612267822473
0.7429666986324137
0.4808993702858222
0.03429616715366035
0.7345826550028257
0.7876250379824637
0.42037736058808217
0.23500043072954868
0.8004867734709992
0.9124363708392623
0.7367629710792306
0.7739835299267409
0.17531736073185533
0.7896292447721751
0.8102346796665595
0.20063635378188083
0.5921455097634252
0.39921466581190523
0.7884665434003523
0.7153328739930368
0.7790890240364091
0.013606096899609788
0.22624833337216244
0.15722306943070874
0.9355843395442753
0.028360025188274074
0.9237355981600356
0.3543266116644028
0.409686540337579
0.38548610343311696
0.46923054547143095
0.48433748058295434
0.7910984257687641
0.5539158321059531
0.5113065213978494
0.424334885768625
0.7525556012709834
0.8308035112372201
0.3846882177122718
0.20212122085658146
0.689602186838313
0.008928300480444684
0.5673069357969972
0.09886788644251177
0.4568446835487884
0.7513161081750529
0.6475225927828612
0.6691074203286609
0.06569695914193319
0.7714420903519398
0.13127094218800994
0.8982366956373319
0.49240452325384165
0.5852868001798013
0.9686320019643767
0.614609069431943
0.5778131173970417
0.45039359974841486
0.9588540995571351
0.2802443687877537
0.7758435462275641
0.4365392416591093
0.18288526669382277
0.3867945865931278
0.9896492157797603
0.10836484651278455
0.7108965640312147
0.5027547701075962
0.8569193167377618
0.2122994553665184
0.06344137280664741
0.12445099247762392
0.34766311435995356
0.8517460798134715
0.9488234165428181
0.19816287557354295
0.19966055204735067
0.728000717256147
0.7253694725340718
0.5854496398526849
0.6699645388746359
0.2944800303297066
0.039306130949246953
0.7428630571460905
0.8195156699331104
0.7452821708883138
0.3497273597522115
0.9343694464996996
0.13224400311817164
0.877759755470253
0.04392798897987804
0.4038399858057574
0.20207737921652824
0.4568723949037571
0.8425061259053435
0.49621367185877985
0.45693314249267436
0.5120525106573
0.9794581650983324
0.24086482478527504
0.2927417224494244
0.21993385453698744
0.9738154287299886
0.6154590617647521
0.9936229155015796
0.6291114140028046
0.5795678972474124
0.8679957866583893
0.9405285875488942
0.8325880886664284
0.5440638196782117
0.5618723395174167
0.3532618431813134
0.04846652814647401
0.337878093564865
0.9415636458376104
0.3747653903888223
0.1706049176561063
0.7046426906418048
0.772980194926653
0.3176851943622837
0.14982402341188095
0.7996490779777969
0.20692096380365677
0.019715233290022893
0.7888188506465447
0.8502000161159422
