0.22101406664643208
0.3993788426490964
0.3689012571039605
0.4109774755276292
0.23631279542279082
0.013302279013799212
0.2825761893192906
0.7466496779942049
0.12484931474369643
0.6140947890556347
0.7662962693981981
0.432690761505914
0.9835788837482614
0.6110433503897879
0.7578137264077853
0.22465407878576416
0.5234264645348988
0.5292717242641216
0.3648343040577443
0.24307020050685846
0.6724002638205956
0.007127983301807417
0.024309842112509084
0.9598844840408106
0.456480484907854
0.8668331692141715
0.5381725799617275
0.756675969374587
0.5793733416975685
0.5912002764100127
0.5042875477995494
0.1353757247274754
0.21341258155553433
0.7173550894086685
0.5696720646322926
0.23878970346837713
0.24194141073902398
0.20587298866550252
0.9774163041927322
0.9044052704430252
0.2534866033072162
0.8798953136136684
0.362009349243393
0.5255206408608346
0.20641593053648843
0.31777758204239015
0.6925626958393888
0.15260559923683015
0.22530990066198986
0.21864213510843467
0.5546772417686885
0.4719475105770087
0.6497524430586807
0.5563132854199583
0.03103698708801439
0.5523239983272987
0.4013509519634336
0.8065920299412528
0.39151287349134245
0.7284583100521519
0.8405386435865844
0.8126265076117534
0.5329130924548768
0.7671276910937747
0.5536775925768367
0.08870028251721296
0.2446256802659078
0.7623217167742385
0.19470307874421333
0.37984112520222824
0.9762521424394929
0.019112563721993547
0.656541843573947
0.2091810770207394
0.08543023913204761
0.530955523989053
0.6534612015257452
0.7474070165477872
0.603489571294805
0.666785439657031
0.7145019686366842
0.19548251199719857
0.3972283828994785
0.9528498237384977
0.5976459025739106
0.5523169860884662
0.634527319903546
0.41102577282331243
0.482236411836515
0.7197082225848721
0.6712633728396922
0.862365269371153
0.5896049323194933
0.910231334180101
0.5920499536901606
0.7268168814515229
0.7937015900565769
0.5673696019367157
0.7690001786667117
0.4555139522751327
0.6680014027256221
0.6723570314775285
0.8705295310258342
0.17795454221052154
0.5035555293280553
0.7066228059606935
0.3290625973895157
0.022011529049781542
0.10111549125611896
0.46237126792158445
0.3124716275848294
0.6281316619217101
0.24749360152216238
0.6670215866707776
0.6698936191989504
0.9908587529775685
0.8008996685985174
0.8982013434120562
0.45650407230637
0.2832155712182737
0.19940677228046033
0.029403679054011866
0.5988560441689764
0.2219108976330696
0.1986531808441352
0.9624965949115878
0.7553121267787659
0.10692713626403849
0.9149856684453722
0.14508879728988522
0.19668741205270124
0.2662907437325064
0.009863174291771304
0.015210577234044509
0.9422716323019866
0.6723737006236717
0.04747742327150972
0.4967709123222107
0.6782921905871758
0.6095985149334254
0.3229098046047625
0.7097482403555506
0.41202717547994927
0.9330453981299327
0.29613017725879265
0.5675766299307743
0.9208234548211884
0.018924729812855756
0.16938364905068837
0.20938401313073163
0.3665098668356037
0.834680011908369
0.8549962037256525
0.450355571994283
0.24946319689732788
0.8768087077020601
0.9853282763647169
0.5615502257107311
0.1097274081667382
0.22603000770413373
0.39129639185686027
0.16483526783630265
0.3781610977262071
0.880882585660392
0.9546576554845875
0.7452222649156283
0.4304314963071214
0.6704762526577168
0.680916918819499
0.9811957310996643
0.584698248833248
0.23666508928667984
0.49917712441694384
0.14784295845676076
0.23953474724709956
0.7826697069916367
0.6014346866217893
0.6044674883037237
0.5011655440545821
0.38457792345537334
0.8219231653874803
0.04036262657117784
0.8266768729949586
0.9385524299606747
0.9442637411515755
0.11547518693826486
0.18932191586437241
0.1892089601693333
0.8798408955453523
0.8513170858491212
0.8393893826479661
0.558832024055138
0.020939680928012683
0.22079597300984777
0.46755798801203197
0.09038623521718037
0.692642653788892
0.5768741948216882
0.4773900753075486
0.3273755743198057
0.47212440113455323
0.1887971647231358
0.9137573677305086
0.38014229977346714
0.37540205802960847
0.10279970032981445
0.4484394719852003
0.3292209795354043
0.20618195626207458
0.9869803464192783
0.9104876958668049
0.840366864733969
0.614365047654756
0.29179572570596624
0.565618884150653
0.01621638075153209
0.6819742088331249
0.4844445409941579
0.0076186700520053385
0.044298670872901624
0.1910466879247812
0.08413951893866933
0.10077583133941737
0.45006363067945243
0.8347325989441724
0.8408367110593423
0.40643604129141
0.22060472033882483
0.5572595967244434
0.18824654362768645
0.13801348144207282
0.18932371141400817
0.6607176012845011
0.931785281344313
0.8100956232389206
0.912428837238138
0.8097943206079566
0.5321340440584243
0.027522806479061912
0.3167285152892111
0.9798004236173488
0.4075482334166769
0.7126228323391477
0.2937645378549858
0.44412087572412684
0.9027753838494512
0.817985014137975
0.8543971541507784
0.2646496114599728
0.7530408312642247
0.3107897124473945
0.47114488313860203
0.3840944924872528
0.37375854842018963
0.053544348232199
0.3070317597106622
0.2283976768410475
0.6914141900370921
0.9158940759445671
0.14221504487009273
0.08909740617216111
0.10864780573221544
0.3105359995049267
0.6184312868260423
0.45171968668782947
0.3029853262007145
0.5267587917031193
0.3170810208777548
0.13926400345904644
0.682462739848096
0.09218345115214877
0.5303865726446327
0.8393476537049872
0.3925077247890316
0.19779263942224234
0.6302188540125991
0.6827548251530345
0.0438603233233994
0.05144425838884148
0.7911102917564404
0.1675354266014497
0.41444652127746995
0.7591370259284953
0.5128252029482666
0.2014560837262921
0.15335366128920036
0.8828891052589101
0.2017174483537355
0.20251669291172858
0.5411386085657275
0.40041122831533005
0.6851858500027449
0.853714734767313
0.225000410110903
0.8547607684714797
0.3629339381769867
0.7493307167173743
0.9845513763223664
0.6475383066247646
0.9471091969804726
0.8453158788296841
0.4374923423200806
0.10027729935271268
0.6469086625305831
0.047518330188876634
0.5327562164714789
0.6238893635553789
0.8056412174724188
0.249300146400259
0.2330674942373817
0.13683407299568762
0.5409046807855965
0.295742046044678
0.7014991931137352
0.5013032380525906
0.20322575401553145
0.9033134830360228
0.5150334744373214
0.4097656834447361
0.3893697714733034
0.2785016798558325
0.8923759934179143
0.6800029058158892
0.7655336694349397
0.26616389301677335
0.8308939892524644
0.7867282369627749
0.7725414770849692
0.5619945428678098
0.18892521346856372
0.07787505851643561
0.497955291953876
0.0002715909664837701
0.5876445759217898
0.48292019239724093
0.08955246415921625
0.7787761098487723
0.5102682223761962
0.4730719442359541
0.1742250062301085
0.6393271807900489
0.27870562833489054
0.615337587285075
0.4990333104525754
0.35053013860138327
0.22522373198748058
0.2666998894666759
0.9508520333748427
0.4788952778314949
0.7805445584120089
0.9998258994148883
0.9514173342000802
0.7820518011691232
0.08074824993451601
0.42156124109447735
0.7408201044556769
0.35246737459606925
0.6110687000783914
0.2243481026224743
0.19695666244460697
0.1993112938875039
0.9937994022506772
0.8391526939761662
0.7655072703524854
0.7224556016121948
0.6008207104319557
0.5145774238501276
0.6577701129091986
0.8595689498333208
0.22160739543287344
0.43376022688682525
0.02298589778283122
0.3657069642915801
0.40459429964603677
0.09369272717843857
0.9444665486361262
0.9694873515576039
0.3747455295473251
0.05648085664282754
0.23381013196988853
0.06749937733858102
0.9193109581723877
0.8565822064199795
0.23759322459259724
0.34766050308616325
0.6841897069665336
0.05029246004382237
0.36434640560275444
0.2121715918170487
0.6315474129561647
0.4651432282712281
0.4859070403809197
0.46590739320408725
0.8508553238954762
0.8460779496952476
0.04305380732359254
0.4633461746711859
0.7744965400559176
0.401734564283019
0.6279823633518565
0.9783697407918251
0.9051684991818444
0.04794064376830387
0.5819390060136591
0.07890545237667301
0.2396584534769085
0.43740059281078003
0.3354969233443891
0.6109874410385985
0.006229785589174974
0.8022197289179757
0.3290733887945967
0.39750092151537564
0.445622253401565
0.7886849116986684
0.728551182835329
0.6272348864496584
0.1104739414848992
0.20495581512106786
0.8019013289954867
0.05028748057940058
0.6606487801178691
0.8524334295354865
0.8277724501915292
0.993023901488885
0.9437579053062972
0.1879006840666716
0.5230394565460058
0.827174714176294
0.849483878367884
0.6492759635658885
0.38023700909279845
0.5962661541927801
0.12216804958941896
0.1728048137253827
0.10466679560223346
0.57443262974858
0.5477083814974598
0.01955711940251914
0.8659489256576341
0.10704804031247916
0.5710504225732479
0.9023575137445863
0.5998170857705285
0.760964410519127
0.7173722491019898
0.2837638687911024
0.6177280385838085
0.9255269574853529
0.6575784768156065
0.4812762674970884
0.3033285328203501
0.7984710903085491
0.729721059420333
0.5182874249027392
0.08323625867775719
0.3969220062566282
0.3465305266869887
0.8028909968578539
0.39576391256559496
0.6576930072874047
0.14938324291312055
0.666799128725236
0.6729568865287814
0.6978903307124648
0.7220003598029162
0.027673873101975333
0.856215320080487
0.7206606595735272
0.5000165793365611
0.10886853237348959
0.446407794288432
0.8673730968309592
0.7100324996922036
0.8246303450748373
0.8434085322900922
0.5451808632322507
0.31649955486238623
0.14330525013273876
0.7821100708777821
0.4631779983176767
0.5108073335322099
0.9934280817885266
0.6437973458244256
0.879599470998068
0.9221084270168751
0.16515685093644372
0.7659216670883267
0.899913518078726
0.6037536256901972
0.6916754192200674
0.9524401641760356
0.6746096953920204
0.5954252396894436
0.45094825739132827
0.7474981274778705
0.9432116544839327
0.8833001116218969
0.23801046572355555
0.9985859186398762
0.8632239377599302
0.02501966886942464
0.725057360639654
0.1436663412464111
0.21408031929787263
0.7837301419007737
0.2702318764451749
0.7016400211137678
0.1863695870874419
0.87301262184109
0.3808969830069142
0.19998976875476293
0.7347724414952246
0.6212804077848045
0.25054324129691774
0.9923731854312023
0.16392989442222794
0.13388480761204313
0.1370119162490474
0.18741637440808134
0.04783642471987337
0.768413565751805
0.02550383829304037
0.5827843105186981
0.4330110058492843
0.7487254472985813
0.9127988811704901
0.5023348152493636
0.6971704435577819
0.19111175323610063
0.2053247889428238
0.5291708732019912
0.7201590447212878
0.6100976339028105
0.9638173137044331
0.426874418109529
0.7294770199584345
0.40746570131689663
0.08043562893221512
0.669041627069801
0.42137507997331247
0.30856373431077333
0.6678833406411998
0.07292830683425588
0.8000292845549544
0.13265628621332526
0.4228102676092578
0.7103930030315484
0.1216628741275596
0.619202832847076
0.11031101084598205
0.4330607553072465
0.7670555387643687
0.7229274523312332
0.3456467984439052
0.6742852103146175
0.6478870061799467
0.3496086899232749
0.46039461808129345
0.9923771550840983
0.3733315758581506
0.029813009741243568
0.7581836368325631
0.6288243717860972
0.7966210641996376
0.014429075503573863
0.8529626213217777
0.5088662834787294
0.3311986693504325
0.6834192495510127
0.6708352183753405
0.884896589926403
0.881237402695382
0.2548230646410977
0.6575416191264046
0.4307195299264187
0.8807906865641199
0.7674239692732332
0.49374094008679803
0.8820219555805141
0.6882978635926938
0.398851518807141
0.48329775968376953
0.06552773827226832
0.9844154737965987
0.9586836186637174
0.5544428076249247
0.36784408580884875
0.16217001458669578
0.6021801947081594
0.7415205508122948
0.38298419072173717
0.4387523887838982
0.7241929455928048
0.7692907461231179
0.09769458360243422
0.4249380251080854
0.8693665439443812
0.31950533121144387
0.09318128787053959
0.23979737826934844
0.48750640809780454
0.4722575870110318
0.46578231205136056
0.3298881754273889
0.13670695976474412
0.23932907409808113
0.8486216334930081
0.892170708196667
0.5024330826661991
0.3289199540477429
0.4112760345228015
0.7179870533469617
0.5180906097651227
0.0023972508672468473
0.3210323860796853
0.3919314912501284
0.8685648789198648
0.8400391267596979
0.8984492416905803
0.2591354672651003
0.7929369435393965
0.34663737159750907
0.8897590566786657
0.6060189917721727
0.8598705859712467
0.055824269138364024
0.5877273553837454
0.6347120985128527
0.9746751747182076
0.5855355791487215
0.32110958489188457
0.3518305948407856
0.25595544535785497
0.49512100537963855
0.715542261956091
0.8712491229185884
0.5961396570297518
0.7425635931143474
0.6339482095343674
0.39444480307863694
0.16460163050021026
0.4382098863231324
0.1024672559025257
0.5022567737609589
0.7733803214437127
0.28173417453344796
0.7887021100042878
0.5756297087068525
0.587127164085661
0.2475127935755297
0.19732752587956415
0.12635559665481078
0.5346764523871335
0.4859457323747569
0.606086690760884
0.028294662441436413
0.8259459133915547
0.3931568238058468
0.619030983634195
0.8228306326954021
0.8009284893810282
0.8650834593629503
0.20384179088994703
0.9401874820907049
0.9106203383689604
0.9564088826129759
0.3558758582523168
0.04986679513894554
0.9307689585824175
0.3675764195603298
0.3983933784782848
0.6789332330940377
0.6100209771364815
0.5205588812755207
0.26428212310958776
0.41730216726088776
0.651540026794682
0.012622309017967459
0.591475158241973
0.15610703388892322
0.16852219845483773
0.40562751797661023
0.14000362234912778
0.28592501433924744
0.6567976051462806
0.3556457983468373
0.8146806667182805
0.2940778476398388
0.9016667179819551
0.26981607202752234
0.8471781431675656
0.08146967092977886
0.35822708110627355
0.6284463829795084
0.20534652585560187
0.27716943600507316
0.8608106931938325
0.7487878912795669
0.372487420091252
0.7503812284668588
0.6173964837311846
0.2171236082869441
0.7089054638451943
0.832030546937262
0.3201003521998399
0.377820769488845
0.16458937545482022
0.9741055220112255
0.20261974484067324
0.4472183886859947
0.9103830414905099
0.441128447430298
0.4444661528048215
0.5847437297221124
0.9348518539002855
0.0345889296706271
0.15784436344738662
0.9774474783649807
0.12611525736044182
0.6071178518801091
0.28616835055871415
0.6723886591580982
0.5656603556781273
0.14162670847398184
0.2926601541097589
0.08700019698683181
0.35089241437020435
0.9274651590333163
0.37860453082060974
0.1660079597080496
0.22012711179538214
0.47878679593320617
0.8360533196321722
0.4385497987469651
0.5175038017018537
0.7296943376510372
0.16612490527520107
0.3364700232197799
0.5128665253886829
0.3748619495612139
0.23639012527335213
0.49268624679498185
0.5532255523150111
0.11222267651020312
0.5706551468205034
0.5770404487356781
0.9666866778030233
0.9715962659142179
0.5399055739962413
0.23507061217895286
0.060270438166480256
0.8278708786302006
0.2831925089440417
0.02223294972493073
0.851227724345681
0.7682949817159953
0.5364485260388261
0.0005364026705584335
0.4043235395317726
0.1796821226891825
0.5211572621611535
0.15687322643986223
0.543294842549166
0.6320625841550331
0.2759564710869107
0.9464274871887107
0.43241727296172683
0.31838584198432784
0.16170141394950144
0.2774794352180844
0.937482022535949
0.9024948570320646
0.4172499279528835
0.6404635803647615
0.01654602489091861
0.39168729606637764
0.5095906934401011
0.5251704912371128
0.613183800445754
0.9779805796817705
0.4499220623800664
0.48928110319919027
0.07481102438901888
0.6288282428968255
0.45759199277454166
0.7177778590581328
0.09478376923668741
0.4575180704764882
0.09242735476373531
0.5048963943181745
0.7410148956898046
0.3359981891786591
0.7206410324683014
0.37824625162357806
0.2896795719529206
0.6404537791459771
0.005633662900371372
0.3016228387196632
0.1647919239521628
0.49281101575502395
0.4678052540423274
0.3011375715446999
0.3821478626890962
0.20012827873881933
0.2844050787608001
0.9062919921201409
0.781601212449531
0.45972562105377734
0.08445978054057979
0.2753377441851791
0.8199332388983229
0.3446731714632125
0.9564811825951238
0.7128732554042331
0.9367042642784958
0.7391427784152482
0.5607029696890976
0.872331009005091
0.15500393473720397
0.4258810253840647
0.9586980304946157
0.6052136533527342
0.3670767301692729
0.5641345630666861
0.9946517194194927
0.2919828953722282
0.21199112518698282
0.6640818610399803
0.4719502467648119
0.10853838773519553
0.5000026607856425
0.9115629404592452
0.46968986752602715
0.9390760362179442
0.559823887744228
0.31066575302288535
0.5881450371291191
0.04121586649924047
0.833379095025321
0.5333923715667297
0.6089547420176452
0.8395862482461096
0.3408373073078923
0.9468364563621172
0.055510151136285435
0.7417221411899529
0.4958303662150264
0.0010036961591874949
0.42785143623561006
0.6094374446669835
0.8043320742021398
0.6667994377151426
0.7874318102248449
0.5346131566281118
0.5200399843425538
0.6490788669005249
0.5126972848949176
0.42613659831850204
0.9242744928124099
0.21549472542301085
0.4288100566003267
0.412509148099937
0.636393146812905
0.3570518457784153
0.4638192495880702
0.2933657036759134
0.508031127908646
0.688135896790093
0.7623281229218686
0.14606039650351066
0.26413733450940935
0.753789779942669
0.3669636466699273
0.24413587935827508
0.4665187275682129
0.1175722337852908
0.5429124633200436
0.017728913503763266
0.47255824713903904
0.7434804913009324
0.9483348173102725
0.760440749159707
0.8491580685052381
0.642550353333196
0.23866915960091528
0.7041228088294582
0.4316681722534049
0.031158579877267667
0.7894741342967964
0.08707379698099182
0.9537282640034122
0.9186028943087942
0.7218994006185114
0.25102941554715297
0.09221825754365853
0.619034920144792
0.8662592833874914
0.3922137290569486
0.05360392372504996
0.5401997301730589
0.4048843050242741
0.8027080079628138
0.11832796687755442
0.38113978827969763
0.9002113165767928
0.46151542754749464
0.7690491895562082
0.8985581098657645
0.4870941261100451
0.21112315715381103
0.2993681882450151
0.7256872531396322
0.41098454252978756
0.8811788299873891
0.20191875132235215
0.04532931181527777
0.16806121785421158
0.7122631854872986
0.712117581777088
0.8081437268136018
0.24624829291716188
0.6146933922357568
0.4727662719433964
0.7805345895348577
0.505610920354826
0.2523567096026452
0.7394710935600433
0.60898738968177
0.34115875100120485
0.0071387268597820075
0.3455256393002679
0.6224500508049575
0.9706079218966767
0.6977213885285434
0.9993874949402896
0.3126025131723421
0.45728244503301596
0.24346169594519818
0.6568355321440875
0.4958542983574289
0.11124668448463693
0.44771188631676717
0.29537061338151405
0.8239196986593585
0.4061007566931868
0.9774849575165159
0.28907722567840854
0.5153835270482895
0.20940475455271002
0.15046665376841895
0.40747566087544906
0.27556722534502287
0.6209330841448104
0.6694378292990679
0.053289226855675165
0.4759407174599868
0.13328204660800835
0.5994769516222896
0.24100006696392262
0.49901648113195973
0.8397212185885282
0.0005569714854394281
0.12450758620536195
0.6032084663374897
0.10102163194352343
0.562137818995141
0.47296753580650186
0.7173115238112915
0.7039653954381853
0.5379637431929011
0.31525885530964537
0.48830668766299556
0.8146631499935284
0.5394633712876353
0.6290542771125889
0.70189554272585
0.9584994175756353
0.0320082032103195
0.6214373482957742
0.8980830781597247
0.370084861923905
0.516139075434071
0.7843612528757393
0.4848785307169119
0.34646271721189215
0.4280888490294147
0.5852346349282204
0.9484268400591781
0.24369446816606355
0.5881750363366457
0.7061374161047986
0.43777267963141053
0.6647447599422509
0.4629245018253285
0.14996472002638028
0.7603969812000468
0.040301631063582644
0.6685437370852568
0.9636479996930455
0.6809623209168355
0.38161402256584775
0.7758792426662405
0.7715127983168125
0.8882327486550815
0.5372119814158759
0.8782634877121129
0.36420923336570943
0.4770818863545129
0.4152590263471353
0.5870672599235535
0.26194959383849425
0.2595549825405846
0.6197950598684883
0.5589182443558812
0.25006493923663553
0.09182678510452158
0.24117114890631808
0.17574606402533743
0.49191290201436577
0.521579058363097
0.23810182838678695
0.01342296247917718
0.019091275792392337
0.1402276827242548
0.31941386114423787
0.6651544295352126
0.7905382130248851
0.14136685218191225
0.43623906484821673
0.023863389797573742
0.740838598979802
0.5071550112444867
0.8459178227114552
0.4993879918767151
0.7789810918978287
0.05595344963059368
0.7621023187066401
0.18986634760878873
0.5906013267495461
0.6464259153876375
0.9116167352180524
0.36593070022034657
0.6392602243103646
0.05890351589839371
0.2725476291084671
0.8892756724988797
0.990643377566128
0.7538824386566771
0.9389839276279175
0.11303900403038958
0.20227211976519022
0.7482386151384405
0.7746771596868149
0.356675368931501
0.8246901673311544
0.2116496220915799
0.8322328352790093
0.1150093894351053
0.8815786671335908
0.5001498567919074
0.0584763105819589
0.9644310734196196
0.6369760897616172
0.23455195714842325
0.07778071200078651
0.4795772586228413
0.9874350419554829
0.7484322101253175
0.5288538699755558
0.006051563187393749
0.987531505481501
0.3158362894548036
0.1412773372899152
0.8629674591858826
0.9705827359481437
0.7526470597481162
0.7365310126018039
0.338628821275073
0.2518469289530424
0.2637308067163896
0.9735716172717114
0.9941518751459403
0.6878504309487421
0.1749757638552546
0.17778569058925353
0.6241750169961748
0.2304780873171446
0.9955233908474803
0.6712060159594585
0.24645965471278064
0.6343044020129006
0.19910233609882289
0.22205940842986605
0.21378050899801193
0.49009402090173015
0.6455044161435315
0.8681355533742031
0.672870883341979
0.23687869522699434
0.6383116914025467
0.8412127645975876
0.6018738628925773
0.07697414169069439
0.8272440310923272
0.9331484250436578
0.7373282083334989
0.7600239952775087
0.8498461847414077
0.7419256619713162
0.30727776454199673
0.321802406806062
0.5176083770529096
0.9490327199262568
0.622069685247744
0.6349897222092401
0.3041250255633068
0.8216759720503852
0.3121677681210454
0.005953780934289554
0.5369348006809482
0.8063829642471669
0.9025676791109613
0.02801457067773727
0.02682333484178867
0.23255178488548345
0.7403658189701808
0.9375868303980263
0.6639653510089867
0.318436066771977
0.6501258615331987
0.014840054920691292
0.1542460079634146
0.4470312273634217
0.4436140483537234
0.9045819693883761
0.631001455306556
0.34093927934027657
0.001684467795589062
0.8641153922154731
0.9786825550249861
0.9169369893530377
0.3445110265040948
0.979817369196086
0.9685370173049997
0.5808561297024057
0.007507128951486308
0.9128709098316025
0.8316816226491149
0.2893009524247928
0.45301810891293837
0.7129391262719375
